t	r		Fi		V		Teta		W		Alfa		q		nx		ny		h

0	6371000.000000	0.000000	0.000000	1.570796	0.000000	0.000000	0.000000	0.000000	0.000000	0.00
1	6371006.381865	0.000000	12.763528	1.570796	22.584173	0.000000	99.691412	2.302158	0.000000	6.38
2	6371025.608058	0.000000	25.688235	1.570796	45.333241	0.000000	402.726703	2.318714	0.000000	25.61
3	6371057.839665	0.000000	38.773920	1.570796	68.252166	0.000000	913.382184	2.335251	0.000000	57.84
4	6371103.237549	0.000000	52.020330	1.570796	91.346071	0.000000	1633.602256	2.351764	0.000000	103.24
5	6371161.962303	0.000000	65.427190	1.570796	114.620217	0.000000	2562.887936	2.368249	0.000000	161.96
6	6371234.174251	0.000000	78.994232	1.570796	138.079980	0.000000	3698.221994	2.384706	0.000000	234.17
7	6371320.033465	0.000000	92.721230	1.570796	161.730814	0.000000	5034.033595	2.401140	0.000000	320.03
8	6371419.699831	0.000000	106.608033	1.570796	185.578227	0.000000	6562.204499	2.417556	0.000000	419.70
9	6371533.333136	0.000000	120.654602	1.570796	209.627746	-0.011636	8272.117889	2.433965	-0.028729	533.33
10	6371661.092270	0.000000	134.859425	1.568473	233.884951	-0.020948	10150.506788	2.450382	-0.052265	661.09
11	6371803.133435	0.000000	149.220811	1.564519	258.355442	-0.028630	12181.695036	2.466824	-0.072204	803.13
12	6371959.609424	0.000000	163.738490	1.559378	283.044736	-0.035123	14348.040554	2.483314	-0.089566	959.61
13	6372130.669919	0.000001	178.413110	1.553343	307.958242	-0.040724	16630.136271	2.499877	-0.105032	1130.67
14	6372316.461764	0.000001	193.245995	1.546623	333.101231	-0.045638	19007.049548	2.516541	-0.119075	1316.46
15	6372517.129215	0.000002	208.239025	1.539363	358.478807	-0.050013	21456.591662	2.533340	-0.132032	1517.13
16	6372732.814212	0.000003	223.394579	1.531672	384.095892	-0.053956	23955.610294	2.550306	-0.144152	1732.81
17	6372963.656654	0.000005	238.715506	1.523632	409.957192	-0.057550	26480.298332	2.567478	-0.155619	1963.66
18	6373209.794701	0.000007	254.205111	1.515305	436.067192	-0.060857	29006.512452	2.584895	-0.166574	2209.79
19	6373471.365083	0.000009	269.867152	1.506743	462.430133	-0.063928	31510.095038	2.602597	-0.177126	2471.37
20	6373748.503427	0.000012	285.705835	1.497983	489.050008	-0.066800	33967.193221	2.620627	-0.187360	2748.50
21	6374041.344592	0.000016	301.725817	1.489057	515.930556	-0.069507	36354.569082	2.639029	-0.197344	3041.34
22	6374350.023015	0.000020	317.932198	1.479993	543.075258	-0.072073	38649.895546	2.657847	-0.207133	3350.02
23	6374674.673054	0.000025	334.330519	1.470811	570.487344	-0.074522	40832.033005	2.677124	-0.216771	3674.67
24	6375015.429331	0.000031	350.926751	1.461530	598.169799	-0.076872	42881.282327	2.696904	-0.226293	4015.43
25	6375372.427073	0.000037	367.727284	1.452167	626.125379	-0.079138	44779.610620	2.717231	-0.235730	4372.43
26	6375745.802436	0.000044	384.738916	1.442734	654.356623	-0.081333	46510.846833	2.738147	-0.245108	4745.80
27	6376135.692822	0.000052	401.968829	1.433244	682.865877	-0.083470	48060.845017	2.759692	-0.254448	5135.69
28	6376542.237176	0.000062	419.424576	1.423707	711.655314	-0.085560	49417.613805	2.781906	-0.263768	5542.24
29	6376965.576260	0.000072	437.114052	1.414132	740.726969	-0.087610	50571.411368	2.804825	-0.273085	5965.58
30	6377405.852902	0.000083	455.045474	1.404527	770.082760	-0.089629	51514.805769	2.828484	-0.282414	6405.85
31	6377863.212226	0.000095	473.227349	1.394900	799.724528	-0.091626	52242.701239	2.852916	-0.291770	6863.21
32	6378337.801845	0.000109	491.668453	1.385257	829.654068	-0.093605	52752.331429	2.878150	-0.301164	7337.80
33	6378829.772022	0.000124	510.377794	1.375605	859.873167	-0.095573	53043.221178	2.904214	-0.310610	7829.77
34	6379339.275808	0.000140	529.364591	1.365948	890.383642	-0.097536	53117.118736	2.931131	-0.320119	8339.28
35	6379866.469138	0.000158	548.638236	1.356292	921.187378	-0.099497	52977.900718	2.958923	-0.329705	8866.47
36	6380411.510896	0.000177	568.208273	1.346641	952.286366	-0.101462	52631.452325	2.987609	-0.339378	9411.51
37	6380974.562949	0.000197	588.084363	1.336998	983.682744	-0.103435	52085.525616	3.017204	-0.349153	9974.56
38	6381555.790144	0.000219	608.276261	1.327369	1015.378833	-0.105419	51349.578737	3.047723	-0.359040	10555.79
39	6382155.360278	0.000243	628.793792	1.317755	1047.377179	-0.107416	50434.599167	3.079176	-0.369054	11155.36
40	6382773.444027	0.000269	649.646822	1.308159	1079.680583	-0.109431	49352.914064	3.111572	-0.379209	11773.44
41	6383410.214861	0.000296	670.845243	1.298585	1112.292142	-0.111465	48117.990890	3.144918	-0.389519	12410.21
42	6384065.848919	0.000325	692.398949	1.289035	1145.215281	-0.113521	46744.231422	3.179218	-0.399999	13065.85
43	6384740.524862	0.000357	714.317829	1.279510	1178.453784	-0.115600	45246.762287	3.214477	-0.410663	13740.52
44	6385434.423709	0.000390	736.611744	1.270012	1212.011821	-0.117705	43641.225034	3.250696	-0.421530	14434.42
45	6386147.728646	0.000425	759.290526	1.260543	1245.893982	-0.119836	41943.568711	3.287877	-0.432615	15147.73
46	6386880.624826	0.000462	782.363970	1.251104	1280.105295	-0.121995	40169.847744	3.326021	-0.443936	15880.62
47	6387633.299145	0.000502	805.841832	1.241696	1314.651252	-0.124183	38336.027789	3.365129	-0.455511	16633.30
48	6388405.940020	0.000544	829.733831	1.232320	1349.537831	-0.126400	36457.802005	3.405201	-0.467358	17405.94
49	6389198.737147	0.000588	854.049654	1.222976	1384.771507	-0.128648	34550.420008	3.446240	-0.479498	18198.74
50	6390011.881267	0.000635	878.798967	1.213664	1420.359273	-0.130925	32628.531488	3.488247	-0.491949	19011.88
51	6390845.563923	0.000684	903.991425	1.204386	1456.308654	-0.133233	30706.046189	3.531227	-0.504732	19845.56
52	6391699.977220	0.000736	929.636691	1.195141	1492.627710	-0.135571	28796.011655	3.575185	-0.517868	20699.98
53	6392575.313594	0.000791	955.744454	1.185928	1529.325054	-0.137939	26910.509816	3.620128	-0.531378	21575.31
54	6393471.765583	0.000849	982.324454	1.176748	1566.409852	-0.140337	25060.573113	3.666067	-0.545284	22471.77
55	6394389.525615	0.000909	1009.386506	1.167600	1603.891835	-0.142764	23256.120532	3.713013	-0.559606	23389.53
56	6395328.785803	0.000973	1036.940530	1.158484	1641.781299	-0.145220	21505.913539	3.760982	-0.574368	24328.79
57	6396289.737759	0.001039	1064.996581	1.149398	1680.089107	-0.147704	19817.531559	3.809992	-0.589591	25289.74
58	6397272.572421	0.001109	1093.564887	1.140343	1718.826700	-0.150214	18197.366274	3.860065	-0.605297	26272.57
59	6398277.479901	0.001182	1122.655880	1.131317	1758.006093	-0.152751	16650.633744	3.911228	-0.621511	27277.48
60	6399304.649351	0.001258	1152.280238	1.122320	1797.639880	-0.155313	15181.403002	3.963508	-0.638254	28304.65
61	6400354.268850	0.001338	1182.448923	1.113350	1837.741239	-0.157898	13792.639573	4.016940	-0.655549	29354.27
62	6401426.525312	0.001421	1213.173220	1.104406	1878.323936	-0.160507	12486.262125	4.071560	-0.673419	30426.53
63	6402521.604416	0.001509	1244.464785	1.095488	1919.402331	-0.163137	11263.210329	4.127413	-0.691887	31521.60
64	6403639.690556	0.001599	1276.335682	1.086594	1960.991389	-0.165788	10123.521862	4.184542	-0.710978	32639.69
65	6404780.966813	0.001694	1308.798433	1.077723	2003.106686	-0.168458	9066.416485	4.243000	-0.730714	33780.97
66	6405945.614949	0.001793	1341.866061	1.068874	2045.764422	-0.171146	8090.385070	4.302843	-0.751119	34945.61
67	6407133.815421	0.001896	1375.552134	1.060046	2088.981443	-0.173850	7193.281566	4.364130	-0.772217	36133.82
68	6408345.747413	0.002003	1409.870818	1.051237	2132.775250	-0.176570	6372.415919	4.426928	-0.794034	37345.75
69	6409581.588889	0.002114	1444.836920	1.042447	2177.164029	-0.167668	5624.646186	4.491306	-0.763603	38581.59
70	6410841.688637	0.002230	1480.555119	1.034030	2222.164448	-0.159135	4946.944481	4.557340	-0.734201	39841.69
71	6412126.575490	0.002350	1517.036727	1.025969	2267.796747	-0.150954	4335.072281	4.625111	-0.705768	41126.58
72	6413436.791278	0.002475	1554.294268	1.018248	2314.081825	-0.143108	3784.772448	4.694705	-0.678246	42436.79
73	6414772.891609	0.002605	1592.341506	1.010851	2361.041293	-0.135581	3291.802409	4.766215	-0.651581	43772.89
74	6416135.446706	0.002739	1631.193479	1.003764	2408.697541	-0.128360	2851.966436	4.839740	-0.625721	45135.45
75	6417525.042272	0.002878	1670.866533	0.996974	2457.073795	-0.121432	2461.146214	4.915384	-0.600619	46525.04
76	6418942.280411	0.003022	1711.378366	0.990468	2506.194190	-0.114782	2115.329074	4.993258	-0.576230	47942.28
77	6420387.780590	0.003170	1752.748074	0.984233	2556.083842	-0.108398	1810.633376	5.073478	-0.552510	49387.78
78	6421862.180650	0.003324	1794.996209	0.978259	2606.768920	-0.102271	1543.330674	5.156170	-0.529419	50862.18
79	6423366.137880	0.003483	1838.144831	0.972535	2658.276734	-0.096387	1309.864422	5.241466	-0.506921	52366.14
80	6424900.330135	0.003646	1882.217583	0.967049	2710.635821	-0.090738	1106.865108	5.329506	-0.484979	53900.33
81	6426465.457029	0.003815	1927.239762	0.961794	2763.876043	-0.085314	931.161770	5.420440	-0.463559	55465.46
82	6428062.241191	0.003990	1973.238403	0.956758	2818.028685	-0.080104	779.790001	5.514427	-0.442631	57062.24
83	6429691.429596	0.004169	2020.242370	0.951935	2873.126570	-0.075102	649.996583	5.611636	-0.422164	58691.43
84	6431353.794980	0.004354	2068.282459	0.947316	2929.204177	-0.070297	539.240964	5.712251	-0.402129	60353.79
85	6433050.137339	0.004545	2117.391508	0.942893	2986.297775	-0.065684	445.193874	5.816463	-0.382500	62050.14
86	6434781.285534	0.004741	2167.604527	0.938659	3044.445561	-0.061253	365.733376	5.924480	-0.363249	63781.29
87	6436548.098997	0.004943	2218.958832	0.934607	3103.687818	-0.056999	298.938687	6.036526	-0.344354	65548.10
88	6438351.469565	0.005151	2271.494200	0.930730	3164.067080	-0.052915	243.082137	6.152838	-0.325789	67351.47
89	6440192.323434	0.005364	2325.253039	0.927022	3225.628322	-0.048993	196.619600	6.273674	-0.307531	69192.32
90	6442071.623270	0.005584	2380.280575	0.923478	3288.419158	-0.045229	158.179753	6.399311	-0.289559	71071.62
91	6443990.370473	0.005810	2436.625066	0.920091	3352.490068	-0.041616	126.552489	6.530046	-0.271850	72990.37
92	6445949.607626	0.006042	2494.338028	0.916856	3417.894638	-0.038149	100.676791	6.666204	-0.254383	74949.61
93	6447950.421135	0.006281	2553.474498	0.913769	3484.689836	-0.034824	79.628346	6.808135	-0.237137	76950.42
94	6449993.944098	0.006526	2614.093322	0.910825	3552.936307	-0.031634	62.607150	6.956218	-0.220091	78993.94
95	6452081.359407	0.006778	2676.257477	0.908018	3622.698711	-0.028576	48.925313	7.110867	-0.203225	81081.36
96	6454213.903140	0.007037	2740.034428	0.905345	3694.046085	-0.025644	37.995257	7.272532	-0.186518	83213.90
97	6456392.868239	0.007302	2805.496534	0.902802	3767.052261	-0.022835	29.318438	7.441706	-0.169949	85392.87
98	6458619.608549	0.007575	2872.721500	0.900385	3841.796321	-0.020146	22.474715	7.618925	-0.153497	87619.61
99	6460895.543227	0.007855	2941.792884	0.898090	3918.363120	-0.017570	17.112451	7.804782	-0.137141	89895.54
100	6463222.161590	0.008142	3012.800668	0.895914	3996.843856	-0.015107	12.939392	7.999925	-0.120858	92222.16
101	6465601.028445	0.008438	3085.841912	0.893853	4077.336735	-0.012751	9.714355	8.205070	-0.104625	94601.03
102	6468033.789977	0.008740	3161.021479	0.891905	4159.947702	-0.010500	7.239742	8.421008	-0.088420	97033.79
103	6470522.180255	0.009051	3238.452876	0.890066	4244.791282	-0.008350	5.354846	8.648614	-0.072217	99522.18
104	6473068.028449	0.009371	3318.259202	0.888334	4331.991538	-0.006299	3.929944	8.888863	-0.055991	102068.03
105	6475673.266859	0.009698	3400.574234	0.886706	4421.683159	-0.004344	2.861123	9.142837	-0.039713	104673.27
106	6478339.939877	0.010034	3485.543675	0.885180	4514.012716	-0.002481	2.065793	9.411750	-0.023354	107339.94
107	6481070.214005	0.010380	3573.326592	0.883754	4609.140096	-0.000710	1.478836	9.696959	-0.006883	110070.21
108	6483866.389117	0.010734	3664.097080	0.882425	4707.240176	0.000973	1.049330	9.999992	0.009734	112866.39
109	6486730.911139	0.011098	3758.046189	0.881192	4808.504750	0.002570	0.737787	10.322575	0.026534	115730.91
110	6489666.386400	0.011471	3855.384185	0.880052	4913.144792	0.004084	0.513851	10.666662	0.043558	118666.39
111	6492675.597916	0.011855	3956.343187	0.879005	5021.393099	0.005514	0.354389	11.034480	0.060850	121675.60
112	6495761.523965	0.012249	4061.180284	0.878048	5133.507406	0.006865	0.241937	11.428569	0.078459	124761.52
113	6498927.359366	0.012654	4170.181231	0.877181	5249.774088	0.008137	0.163430	11.851850	0.096442	127927.36
114	6502176.539960	0.013070	4283.664848	0.876402	5370.512561	0.009332	0.109190	12.307691	0.114859	131176.54
115	6505512.770939	0.013497	4401.988310	0.875710	5496.080568	0.010452	0.072122	12.799999	0.133781	134512.77
116	6508940.059798	0.013937	4525.553530	0.875105	5626.880573	0.011497	0.047072	13.333333	0.153287	137940.06
117	6512462.754896	0.014389	4654.814935	0.874585	5763.367533	0.012468	0.030343	13.913043	0.173470	141462.75
118	6516085.590883	0.014854	4790.289007	0.874151	5906.058445	0.013367	0.019306	14.545454	0.194435	145085.59
119	6519813.742581	0.015332	4932.566101	0.873802	6055.544161	0.014195	0.012117	15.238095	0.216306	148813.74
120	6523652.889391	0.015825	5082.325211	0.873538	6212.504162	0.014952	0.007496	16.000000	0.239228	152652.89
