t	r		Fi		V		Teta		h

0	6523652.889514	0.015825	5082.325212	0.873538	152652.89
1	6527545.162833	0.016325	5075.151498	0.872854	156545.16
2	6531429.710908	0.016824	5067.990441	0.872168	160429.71
3	6535306.541956	0.017323	5060.842013	0.871481	164306.54
4	6539175.664167	0.017821	5053.706186	0.870791	168175.66
5	6543037.085700	0.018319	5046.582934	0.870100	172037.09
6	6546890.814688	0.018816	5039.472229	0.869407	175890.81
7	6550736.859231	0.019312	5032.374045	0.868712	179736.86
8	6554575.227404	0.019808	5025.288355	0.868015	183575.23
9	6558405.927251	0.020303	5018.215132	0.867316	187405.93
10	6562228.966789	0.020798	5011.154351	0.866616	191228.97
11	6566044.354006	0.021292	5004.105984	0.865913	195044.35
12	6569852.096861	0.021786	4997.070007	0.865209	198852.10
13	6573652.203287	0.022279	4990.046393	0.864503	202652.20
14	6577444.681185	0.022771	4983.035118	0.863795	206444.68
15	6581229.538433	0.023263	4976.036154	0.863085	210229.54
16	6585006.782877	0.023754	4969.049479	0.862373	214006.78
17	6588776.422339	0.024245	4962.075065	0.861660	217776.42
18	6592538.464609	0.024735	4955.112890	0.860944	221538.46
19	6596292.917455	0.025224	4948.162927	0.860227	225292.92
20	6600039.788612	0.025713	4941.225153	0.859508	229039.79
21	6603779.085791	0.026202	4934.299544	0.858786	232779.09
22	6607510.816676	0.026690	4927.386074	0.858063	236510.82
23	6611234.988923	0.027177	4920.484722	0.857339	240234.99
24	6614951.610161	0.027664	4913.595461	0.856612	243951.61
25	6618660.687992	0.028150	4906.718271	0.855883	247660.69
26	6622362.229993	0.028636	4899.853125	0.855152	251362.23
27	6626056.243712	0.029121	4893.000003	0.854420	255056.24
28	6629742.736671	0.029606	4886.158880	0.853685	258742.74
29	6633421.716368	0.030090	4879.329733	0.852949	262421.72
30	6637093.190272	0.030573	4872.512541	0.852211	266093.19
31	6640757.165826	0.031056	4865.707280	0.851471	269757.17
32	6644413.650449	0.031539	4858.913929	0.850728	273413.65
33	6648062.651532	0.032021	4852.132464	0.849984	277062.65
34	6651704.176440	0.032502	4845.362865	0.849238	280704.18
35	6655338.232515	0.032983	4838.605109	0.848490	284338.23
36	6658964.827069	0.033464	4831.859174	0.847740	287964.83
37	6662583.967391	0.033944	4825.125040	0.846989	291583.97
38	6666195.660746	0.034423	4818.402685	0.846235	295195.66
39	6669799.914370	0.034902	4811.692087	0.845479	298799.91
40	6673396.735476	0.035380	4804.993226	0.844721	302396.74
41	6676986.131252	0.035858	4798.306081	0.843962	305986.13
42	6680568.108860	0.036335	4791.630631	0.843200	309568.11
43	6684142.675436	0.036812	4784.966855	0.842436	313142.68
44	6687709.838095	0.037288	4778.314735	0.841671	316709.84
45	6691269.603922	0.037764	4771.674248	0.840903	320269.60
46	6694821.979981	0.038239	4765.045376	0.840134	323821.98
47	6698366.973310	0.038714	4758.428098	0.839362	327366.97
48	6701904.590924	0.039188	4751.822395	0.838589	330904.59
49	6705434.839810	0.039662	4745.228247	0.837813	334434.84
50	6708957.726935	0.040135	4738.645636	0.837036	337957.73
51	6712473.259238	0.040608	4732.074540	0.836256	341473.26
52	6715981.443638	0.041080	4725.514943	0.835475	344981.44
53	6719482.287025	0.041552	4718.966824	0.834691	348482.29
54	6722975.796269	0.042023	4712.430166	0.833906	351975.80
55	6726461.978214	0.042494	4705.904949	0.833118	355461.98
56	6729940.839682	0.042964	4699.391155	0.832328	358940.84
57	6733412.387470	0.043434	4692.888766	0.831537	362412.39
58	6736876.628350	0.043903	4686.397763	0.830743	365876.63
59	6740333.569074	0.044372	4679.918130	0.829948	369333.57
60	6743783.216369	0.044841	4673.449848	0.829150	372783.22
61	6747225.576936	0.045308	4666.992899	0.828350	376225.58
62	6750660.657458	0.045776	4660.547266	0.827548	379660.66
63	6754088.464589	0.046243	4654.112931	0.826745	383088.46
64	6757509.004966	0.046709	4647.689878	0.825939	386509.00
65	6760922.285197	0.047175	4641.278090	0.825131	389922.29
66	6764328.311872	0.047641	4634.877549	0.824321	393328.31
67	6767727.091555	0.048106	4628.488238	0.823509	396727.09
68	6771118.630790	0.048570	4622.110142	0.822695	400118.63
69	6774502.936094	0.049034	4615.743244	0.821878	403502.94
70	6777880.013967	0.049498	4609.387528	0.821060	406880.01
71	6781249.870882	0.049961	4603.042977	0.820240	410249.87
72	6784612.513292	0.050424	4596.709575	0.819417	413612.51
73	6787967.947627	0.050886	4590.387307	0.818593	416967.95
74	6791316.180295	0.051348	4584.076157	0.817766	420316.18
75	6794657.217680	0.051810	4577.776109	0.816937	423657.22
76	6797991.066147	0.052270	4571.487148	0.816107	426991.07
77	6801317.732038	0.052731	4565.209259	0.815274	430317.73
78	6804637.221671	0.053191	4558.942427	0.814439	433637.22
79	6807949.541344	0.053650	4552.686637	0.813602	436949.54
80	6811254.697335	0.054110	4546.441873	0.812762	440254.70
81	6814552.695895	0.054568	4540.208122	0.811921	443552.70
82	6817843.543260	0.055027	4533.985368	0.811077	446843.54
83	6821127.245639	0.055484	4527.773598	0.810232	450127.25
84	6824403.809222	0.055942	4521.572796	0.809384	453403.81
85	6827673.240179	0.056399	4515.382950	0.808534	456673.24
86	6830935.544655	0.056855	4509.204045	0.807682	459935.54
87	6834190.728776	0.057311	4503.036067	0.806828	463190.73
88	6837438.798648	0.057767	4496.879003	0.805972	466438.80
89	6840679.760354	0.058222	4490.732838	0.805113	469679.76
90	6843913.619957	0.058677	4484.597561	0.804252	472913.62
91	6847140.383498	0.059131	4478.473156	0.803390	476140.38
92	6850360.056998	0.059585	4472.359612	0.802525	479360.06
93	6853572.646458	0.060038	4466.256915	0.801657	482572.65
94	6856778.157856	0.060491	4460.165053	0.800788	485778.16
95	6859976.597152	0.060944	4454.084012	0.799917	488976.60
96	6863167.970284	0.061396	4448.013781	0.799043	492167.97
97	6866352.283169	0.061848	4441.954346	0.798167	495352.28
98	6869529.541705	0.062299	4435.905696	0.797289	498529.54
99	6872699.751769	0.062750	4429.867818	0.796409	501699.75
100	6875862.919218	0.063201	4423.840700	0.795526	504862.92
101	6879019.049888	0.063651	4417.824331	0.794641	508019.05
102	6882168.149595	0.064100	4411.818698	0.793754	511168.15
103	6885310.224137	0.064550	4405.823791	0.792865	514310.22
104	6888445.279288	0.064999	4399.839597	0.791974	517445.28
105	6891573.320807	0.065447	4393.866105	0.791080	520573.32
106	6894694.354429	0.065895	4387.903304	0.790185	523694.35
107	6897808.385871	0.066343	4381.951183	0.789287	526808.39
108	6900915.420831	0.066790	4376.009731	0.788386	529915.42
109	6904015.464985	0.067237	4370.078937	0.787484	533015.46
110	6907108.523992	0.067683	4364.158790	0.786579	536108.52
111	6910194.603491	0.068129	4358.249281	0.785672	539194.60
112	6913273.709099	0.068575	4352.350398	0.784763	542273.71
113	6916345.846417	0.069020	4346.462131	0.783851	545345.85
114	6919411.021026	0.069465	4340.584470	0.782938	548411.02
115	6922469.238485	0.069910	4334.717405	0.782021	551469.24
116	6925520.504337	0.070354	4328.860926	0.781103	554520.50
117	6928564.824105	0.070797	4323.015024	0.780183	557564.82
118	6931602.203291	0.071241	4317.179688	0.779260	560602.20
119	6934632.647382	0.071684	4311.354909	0.778335	563632.65
120	6937656.161843	0.072126	4305.540678	0.777407	566656.16
121	6940672.752120	0.072568	4299.736986	0.776477	569672.75
122	6943682.423641	0.073010	4293.943823	0.775545	572682.42
123	6946685.181817	0.073451	4288.161180	0.774611	575685.18
124	6949681.032038	0.073892	4282.389049	0.773674	578681.03
125	6952669.979675	0.074333	4276.627420	0.772735	581669.98
126	6955652.030083	0.074773	4270.876286	0.771794	584652.03
127	6958627.188596	0.075213	4265.135637	0.770850	587627.19
128	6961595.460532	0.075653	4259.405466	0.769905	590595.46
129	6964556.851188	0.076092	4253.685763	0.768956	593556.85
130	6967511.365844	0.076530	4247.976522	0.768006	596511.37
131	6970459.009762	0.076969	4242.277733	0.767053	599459.01
132	6973399.788186	0.077407	4236.589390	0.766098	602399.79
133	6976333.706341	0.077844	4230.911483	0.765140	605333.71
134	6979260.769435	0.078282	4225.244007	0.764180	608260.77
135	6982180.982656	0.078718	4219.586952	0.763218	611180.98
136	6985094.351176	0.079155	4213.940312	0.762253	614094.35
137	6988000.880150	0.079591	4208.304080	0.761286	617000.88
138	6990900.574711	0.080027	4202.678248	0.760316	619900.57
139	6993793.439979	0.080462	4197.062810	0.759345	622793.44
140	6996679.481054	0.080897	4191.457758	0.758370	625679.48
141	6999558.703018	0.081332	4185.863086	0.757394	628558.70
142	7002431.110936	0.081766	4180.278786	0.756415	631431.11
143	7005296.709855	0.082200	4174.704854	0.755434	634296.71
144	7008155.504806	0.082634	4169.141281	0.754450	637155.50
145	7011007.500801	0.083067	4163.588063	0.753464	640007.50
146	7013852.702834	0.083500	4158.045192	0.752475	642852.70
147	7016691.115885	0.083933	4152.512663	0.751484	645691.12
148	7019522.744913	0.084365	4146.990470	0.750491	648522.74
149	7022347.594861	0.084797	4141.478606	0.749495	651347.59
150	7025165.670657	0.085229	4135.977067	0.748497	654165.67
151	7027976.977208	0.085660	4130.485847	0.747496	656976.98
152	7030781.519408	0.086091	4125.004940	0.746493	659781.52
153	7033579.302130	0.086521	4119.534341	0.745488	662579.30
154	7036370.330234	0.086951	4114.074044	0.744480	665370.33
155	7039154.608560	0.087381	4108.624046	0.743469	668154.61
156	7041932.141932	0.087811	4103.184340	0.742456	670932.14
157	7044702.935159	0.088240	4097.754921	0.741441	673702.94
158	7047466.993031	0.088669	4092.335786	0.740423	676466.99
159	7050224.320322	0.089097	4086.926930	0.739403	679224.32
160	7052974.921791	0.089525	4081.528347	0.738380	681974.92
161	7055718.802177	0.089953	4076.140034	0.737355	684718.80
162	7058455.966205	0.090381	4070.761987	0.736328	687455.97
163	7061186.418584	0.090808	4065.394200	0.735297	690186.42
164	7063910.164005	0.091235	4060.036671	0.734265	692910.16
165	7066627.207143	0.091661	4054.689395	0.733230	695627.21
166	7069337.552657	0.092087	4049.352368	0.732192	698337.55
167	7072041.205189	0.092513	4044.025587	0.731152	701041.21
168	7074738.169367	0.092939	4038.709048	0.730109	703738.17
169	7077428.449800	0.093364	4033.402748	0.729064	706428.45
170	7080112.051083	0.093789	4028.106683	0.728017	709112.05
171	7082788.977793	0.094213	4022.820850	0.726966	711788.98
172	7085459.234493	0.094637	4017.545246	0.725914	714459.23
173	7088122.825728	0.095061	4012.279868	0.724859	717122.83
174	7090779.756029	0.095485	4007.024714	0.723801	719779.76
175	7093430.029910	0.095908	4001.779779	0.722740	722430.03
176	7096073.651870	0.096331	3996.545062	0.721678	725073.65
177	7098710.626390	0.096754	3991.320560	0.720612	727710.63
178	7101340.957939	0.097176	3986.106271	0.719544	730340.96
179	7103964.650966	0.097598	3980.902192	0.718474	732964.65
180	7106581.709909	0.098020	3975.708321	0.717401	735581.71
181	7109192.139186	0.098441	3970.524656	0.716325	738192.14
182	7111795.943203	0.098862	3965.351195	0.715247	740795.94
183	7114393.126347	0.099283	3960.187937	0.714166	743393.13
184	7116983.692994	0.099704	3955.034878	0.713083	745983.69
185	7119567.647500	0.100124	3949.892018	0.711997	748567.65
186	7122144.994208	0.100544	3944.759355	0.710909	751144.99
187	7124715.737446	0.100963	3939.636888	0.709817	753715.74
188	7127279.881527	0.101382	3934.524615	0.708724	756279.88
189	7129837.430746	0.101801	3929.422535	0.707627	758837.43
190	7132388.389385	0.102220	3924.330647	0.706529	761388.39
191	7134932.761712	0.102638	3919.248949	0.705427	763932.76
192	7137470.551978	0.103056	3914.177442	0.704323	766470.55
193	7140001.764418	0.103474	3909.116124	0.703216	769001.76
194	7142526.403255	0.103892	3904.064995	0.702107	771526.40
195	7145044.472694	0.104309	3899.024054	0.700995	774044.47
196	7147555.976928	0.104726	3893.993300	0.699880	776555.98
197	7150060.920133	0.105142	3888.972734	0.698763	779060.92
198	7152559.306471	0.105559	3883.962354	0.697643	781559.31
199	7155051.140089	0.105975	3878.962161	0.696521	784051.14
200	7157536.425118	0.106390	3873.972155	0.695396	786536.43
201	7160015.165678	0.106806	3868.992336	0.694268	789015.17
202	7162487.365870	0.107221	3864.022703	0.693137	791487.37
203	7164953.029782	0.107636	3859.063258	0.692004	793953.03
204	7167412.161489	0.108050	3854.114001	0.690868	796412.16
205	7169864.765050	0.108465	3849.174932	0.689730	798864.77
206	7172310.844509	0.108879	3844.246051	0.688589	801310.84
207	7174750.403896	0.109292	3839.327360	0.687445	803750.40
208	7177183.447227	0.109706	3834.418859	0.686298	806183.45
209	7179609.978504	0.110119	3829.520550	0.685149	808609.98
210	7182030.001713	0.110532	3824.632433	0.683997	811030.00
211	7184443.520828	0.110944	3819.754509	0.682843	813443.52
212	7186850.539806	0.111357	3814.886779	0.681685	815850.54
213	7189251.062592	0.111769	3810.029246	0.680525	818251.06
214	7191645.093116	0.112180	3805.181910	0.679363	820645.09
215	7194032.635294	0.112592	3800.344773	0.678197	823032.64
216	7196413.693028	0.113003	3795.517836	0.677029	825413.69
217	7198788.270205	0.113414	3790.701102	0.675858	827788.27
218	7201156.370700	0.113825	3785.894572	0.674685	830156.37
219	7203517.998371	0.114235	3781.098248	0.673508	832518.00
220	7205873.157065	0.114645	3776.312132	0.672329	834873.16
221	7208221.850614	0.115055	3771.536227	0.671148	837221.85
222	7210564.082835	0.115465	3766.770534	0.669963	839564.08
223	7212899.857533	0.115874	3762.015056	0.668776	841899.86
224	7215229.178499	0.116283	3757.269796	0.667586	844229.18
225	7217552.049508	0.116692	3752.534755	0.666393	846552.05
226	7219868.474324	0.117101	3747.809937	0.665198	848868.47
227	7222178.456696	0.117509	3743.095345	0.663999	851178.46
228	7224482.000359	0.117917	3738.390981	0.662798	853482.00
229	7226779.109036	0.118325	3733.696848	0.661594	855779.11
230	7229069.786435	0.118732	3729.012950	0.660388	858069.79
231	7231354.036250	0.119139	3724.339289	0.659178	860354.04
232	7233631.862163	0.119546	3719.675869	0.657966	862631.86
233	7235903.267842	0.119953	3715.022693	0.656751	864903.27
234	7238168.256942	0.120360	3710.379764	0.655534	867168.26
235	7240426.833103	0.120766	3705.747087	0.654313	869426.83
236	7242678.999952	0.121172	3701.124665	0.653090	871679.00
237	7244924.761105	0.121578	3696.512501	0.651864	873924.76
238	7247164.120163	0.121983	3691.910600	0.650635	876164.12
239	7249397.080712	0.122388	3687.318965	0.649403	878397.08
240	7251623.646329	0.122793	3682.737601	0.648168	880623.65
241	7253843.820573	0.123198	3678.166511	0.646931	882843.82
242	7256057.606994	0.123603	3673.605701	0.645691	885057.61
243	7258265.009126	0.124007	3669.055173	0.644448	887265.01
244	7260466.030492	0.124411	3664.514934	0.643202	889466.03
245	7262660.674600	0.124815	3659.984986	0.641953	891660.67
246	7264848.944947	0.125218	3655.465336	0.640702	893848.94
247	7267030.845015	0.125621	3650.955987	0.639448	896030.85
248	7269206.378275	0.126024	3646.456944	0.638190	898206.38
249	7271375.548183	0.126427	3641.968213	0.636930	900375.55
250	7273538.358184	0.126830	3637.489798	0.635667	902538.36
251	7275694.811709	0.127232	3633.021705	0.634402	904694.81
252	7277844.912177	0.127634	3628.563939	0.633133	906844.91
253	7279988.662993	0.128036	3624.116504	0.631862	908988.66
254	7282126.067551	0.128437	3619.679408	0.630587	911126.07
255	7284257.129230	0.128839	3615.252654	0.629310	913257.13
256	7286381.851399	0.129240	3610.836248	0.628030	915381.85
257	7288500.237412	0.129641	3606.430197	0.626747	917500.24
258	7290612.290612	0.130041	3602.034505	0.625461	919612.29
259	7292718.014328	0.130442	3597.649180	0.624173	921718.01
260	7294817.411877	0.130842	3593.274226	0.622881	923817.41
261	7296910.486565	0.131242	3588.909650	0.621587	925910.49
262	7298997.241682	0.131642	3584.555458	0.620289	927997.24
263	7301077.680509	0.132041	3580.211656	0.618989	930077.68
264	7303151.806313	0.132440	3575.878251	0.617686	932151.81
265	7305219.622349	0.132840	3571.555249	0.616380	934219.62
266	7307281.131859	0.133238	3567.242656	0.615071	936281.13
267	7309336.338074	0.133637	3562.940480	0.613759	938336.34
268	7311385.244210	0.134035	3558.648726	0.612444	940385.24
269	7313427.853473	0.134433	3554.367401	0.611126	942427.85
270	7315464.169057	0.134831	3550.096513	0.609806	944464.17
271	7317494.194143	0.135229	3545.836068	0.608482	946494.19
272	7319517.931899	0.135627	3541.586074	0.607156	948517.93
273	7321535.385481	0.136024	3537.346537	0.605826	950535.39
274	7323546.558035	0.136421	3533.117465	0.604494	952546.56
275	7325551.452692	0.136818	3528.898865	0.603159	954551.45
276	7327550.072573	0.137214	3524.690744	0.601821	956550.07
277	7329542.420786	0.137611	3520.493110	0.600480	958542.42
278	7331528.500427	0.138007	3516.305971	0.599136	960528.50
279	7333508.314581	0.138403	3512.129334	0.597789	962508.31
280	7335481.866318	0.138799	3507.963206	0.596439	964481.87
281	7337449.158701	0.139194	3503.807597	0.595086	966449.16
282	7339410.194776	0.139590	3499.662513	0.593730	968410.19
283	7341364.977581	0.139985	3495.527963	0.592371	970364.98
284	7343313.510140	0.140380	3491.403954	0.591009	972313.51
285	7345255.795465	0.140774	3487.290495	0.589645	974255.80
286	7347191.836558	0.141169	3483.187595	0.588277	976191.84
287	7349121.636408	0.141563	3479.095261	0.586906	978121.64
288	7351045.197992	0.141957	3475.013502	0.585533	980045.20
289	7352962.524275	0.142351	3470.942326	0.584156	981962.52
290	7354873.618213	0.142745	3466.881742	0.582777	983873.62
291	7356778.482747	0.143138	3462.831759	0.581394	985778.48
292	7358677.120808	0.143531	3458.792385	0.580009	987677.12
293	7360569.535314	0.143924	3454.763630	0.578620	989569.54
294	7362455.729174	0.144317	3450.745501	0.577229	991455.73
295	7364335.705284	0.144710	3446.738009	0.575834	993335.71
296	7366209.466527	0.145102	3442.741163	0.574437	995209.47
297	7368077.015776	0.145495	3438.754970	0.573036	997077.02
298	7369938.355893	0.145887	3434.779441	0.571633	998938.36
299	7371793.489729	0.146279	3430.814585	0.570226	1000793.49
300	7373642.420120	0.146670	3426.860412	0.568817	1002642.42
301	7375485.149895	0.147062	3422.916930	0.567405	1004485.15
302	7377321.681868	0.147453	3418.984150	0.565989	1006321.68
303	7379152.018845	0.147844	3415.062081	0.564571	1008152.02
304	7380976.163619	0.148235	3411.150732	0.563149	1009976.16
305	7382794.118970	0.148626	3407.250114	0.561725	1011794.12
306	7384605.887670	0.149016	3403.360237	0.560298	1013605.89
307	7386411.472477	0.149406	3399.481110	0.558867	1015411.47
308	7388210.876140	0.149797	3395.612743	0.557434	1017210.88
309	7390004.101395	0.150187	3391.755147	0.555997	1019004.10
310	7391791.150968	0.150576	3387.908331	0.554558	1020791.15
311	7393572.027572	0.150966	3384.072306	0.553116	1022572.03
312	7395346.733912	0.151355	3380.247082	0.551670	1024346.73
313	7397115.272679	0.151744	3376.432670	0.550222	1026115.27
314	7398877.646554	0.152133	3372.629080	0.548770	1027877.65
315	7400633.858207	0.152522	3368.836323	0.547315	1029633.86
316	7402383.910298	0.152911	3365.054408	0.545858	1031383.91
317	7404127.805473	0.153299	3361.283348	0.544397	1033127.81
318	7405865.546371	0.153687	3357.523152	0.542934	1034865.55
319	7407597.135616	0.154076	3353.773832	0.541467	1036597.14
320	7409322.575823	0.154463	3350.035398	0.539997	1038322.58
321	7411041.869598	0.154851	3346.307862	0.538525	1040041.87
322	7412755.019532	0.155239	3342.591234	0.537049	1041755.02
323	7414462.028208	0.155626	3338.885525	0.535570	1043462.03
324	7416162.898198	0.156013	3335.190747	0.534089	1045162.90
325	7417857.632062	0.156400	3331.506911	0.532604	1046857.63
326	7419546.232349	0.156787	3327.834029	0.531116	1048546.23
327	7421228.701599	0.157174	3324.172110	0.529625	1050228.70
328	7422905.042340	0.157560	3320.521168	0.528131	1051905.04
329	7424575.257089	0.157946	3316.881214	0.526634	1053575.26
330	7426239.348353	0.158333	3313.252259	0.525134	1055239.35
331	7427897.318627	0.158719	3309.634315	0.523631	1056897.32
332	7429549.170398	0.159104	3306.027393	0.522125	1058549.17
333	7431194.906140	0.159490	3302.431505	0.520616	1060194.91
334	7432834.528316	0.159875	3298.846664	0.519104	1061834.53
335	7434468.039380	0.160261	3295.272881	0.517589	1063468.04
336	7436095.441776	0.160646	3291.710168	0.516071	1065095.44
337	7437716.737934	0.161031	3288.158537	0.514550	1066716.74
338	7439331.930278	0.161415	3284.618001	0.513025	1068331.93
339	7440941.021217	0.161800	3281.088570	0.511498	1069941.02
340	7442544.013153	0.162184	3277.570259	0.509968	1071544.01
341	7444140.908475	0.162569	3274.063078	0.508434	1073140.91
342	7445731.709563	0.162953	3270.567040	0.506898	1074731.71
343	7447316.418787	0.163337	3267.082158	0.505359	1076316.42
344	7448895.038505	0.163721	3263.608444	0.503816	1077895.04
345	7450467.571065	0.164104	3260.145911	0.502271	1079467.57
346	7452034.018806	0.164488	3256.694571	0.500722	1081034.02
347	7453594.384055	0.164871	3253.254437	0.499171	1082594.38
348	7455148.669129	0.165254	3249.825521	0.497616	1084148.67
349	7456696.876335	0.165637	3246.407837	0.496058	1085696.88
350	7458239.007970	0.166020	3243.001396	0.494498	1087239.01
351	7459775.066319	0.166402	3239.606213	0.492934	1088775.07
352	7461305.053659	0.166785	3236.222299	0.491367	1090305.05
353	7462828.972256	0.167167	3232.849669	0.489797	1091828.97
354	7464346.824366	0.167549	3229.488334	0.488225	1093346.82
355	7465858.612232	0.167931	3226.138308	0.486649	1094858.61
356	7467364.338091	0.168313	3222.799604	0.485070	1096364.34
357	7468864.004168	0.168695	3219.472235	0.483488	1097864.00
358	7470357.612677	0.169077	3216.156215	0.481903	1099357.61
359	7471845.165823	0.169458	3212.851557	0.480315	1100845.17
360	7473326.665800	0.169839	3209.558273	0.478724	1102326.67
361	7474802.114792	0.170220	3206.276379	0.477130	1103802.11
362	7476271.514975	0.170601	3203.005886	0.475533	1105271.51
363	7477734.868512	0.170982	3199.746808	0.473933	1106734.87
364	7479192.177558	0.171363	3196.499159	0.472330	1108192.18
365	7480643.444256	0.171743	3193.262953	0.470724	1109643.44
366	7482088.670741	0.172124	3190.038203	0.469115	1111088.67
367	7483527.859136	0.172504	3186.824923	0.467503	1112527.86
368	7484961.011557	0.172884	3183.623126	0.465888	1113961.01
369	7486388.130107	0.173264	3180.432826	0.464270	1115388.13
370	7487809.216881	0.173644	3177.254038	0.462649	1116809.22
371	7489224.273963	0.174023	3174.086774	0.461025	1118224.27
372	7490633.303427	0.174403	3170.931049	0.459397	1119633.30
373	7492036.307338	0.174782	3167.786877	0.457767	1121036.31
374	7493433.287751	0.175162	3164.654271	0.456134	1122433.29
375	7494824.246710	0.175541	3161.533246	0.454498	1123824.25
376	7496209.186250	0.175920	3158.423816	0.452859	1125209.19
377	7497588.108397	0.176298	3155.325994	0.451217	1126588.11
378	7498961.015166	0.176677	3152.239796	0.449572	1127961.02
379	7500327.908562	0.177056	3149.165234	0.447924	1129327.91
380	7501688.790582	0.177434	3146.102324	0.446273	1130688.79
381	7503043.663211	0.177812	3143.051079	0.444618	1132043.66
382	7504392.528426	0.178190	3140.011514	0.442961	1133392.53
383	7505735.388193	0.178568	3136.983643	0.441301	1134735.39
384	7507072.244469	0.178946	3133.967480	0.439638	1136072.24
385	7508403.099202	0.179324	3130.963041	0.437973	1137403.10
386	7509727.954328	0.179701	3127.970338	0.436304	1138727.95
387	7511046.811776	0.180079	3124.989387	0.434632	1140046.81
388	7512359.673464	0.180456	3122.020202	0.432957	1141359.67
389	7513666.541301	0.180833	3119.062798	0.431279	1142666.54
390	7514967.417185	0.181210	3116.117188	0.429598	1143967.42
391	7516262.303006	0.181587	3113.183389	0.427915	1145262.30
392	7517551.200643	0.181964	3110.261413	0.426228	1146551.20
393	7518834.111968	0.182341	3107.351277	0.424538	1147834.11
394	7520111.038840	0.182717	3104.452994	0.422846	1149111.04
395	7521381.983111	0.183094	3101.566579	0.421151	1150381.98
396	7522646.946623	0.183470	3098.692047	0.419452	1151646.95
397	7523905.931207	0.183846	3095.829412	0.417751	1152905.93
398	7525158.938686	0.184222	3092.978690	0.416047	1154158.94
399	7526405.970874	0.184598	3090.139895	0.414339	1155405.97
400	7527647.029575	0.184974	3087.313041	0.412629	1156647.03
401	7528882.116581	0.185349	3084.498145	0.410916	1157882.12
402	7530111.233679	0.185725	3081.695219	0.409201	1159111.23
403	7531334.382644	0.186100	3078.904280	0.407482	1160334.38
404	7532551.565241	0.186475	3076.125343	0.405760	1161551.57
405	7533762.783228	0.186851	3073.358421	0.404036	1162762.78
406	7534968.038352	0.187226	3070.603530	0.402308	1163968.04
407	7536167.332351	0.187601	3067.860685	0.400578	1165167.33
408	7537360.666953	0.187975	3065.129901	0.398845	1166360.67
409	7538548.043877	0.188350	3062.411192	0.397109	1167548.04
410	7539729.464834	0.188725	3059.704574	0.395370	1168729.46
411	7540904.931524	0.189099	3057.010062	0.393628	1169904.93
412	7542074.445639	0.189473	3054.327670	0.391883	1171074.45
413	7543238.008860	0.189848	3051.657414	0.390136	1172238.01
414	7544395.622860	0.190222	3048.999309	0.388386	1173395.62
415	7545547.289304	0.190596	3046.353369	0.386632	1174547.29
416	7546693.009844	0.190970	3043.719610	0.384876	1175693.01
417	7547832.786128	0.191343	3041.098046	0.383118	1176832.79
418	7548966.619789	0.191717	3038.488693	0.381356	1177966.62
419	7550094.512456	0.192091	3035.891566	0.379592	1179094.51
420	7551216.465746	0.192464	3033.306680	0.377824	1180216.47
421	7552332.481266	0.192837	3030.734050	0.376054	1181332.48
422	7553442.560617	0.193210	3028.173690	0.374281	1182442.56
423	7554546.705388	0.193584	3025.625617	0.372506	1183546.71
424	7555644.917160	0.193957	3023.089844	0.370727	1184644.92
425	7556737.197505	0.194329	3020.566388	0.368946	1185737.20
426	7557823.547987	0.194702	3018.055263	0.367162	1186823.55
427	7558903.970158	0.195075	3015.556484	0.365376	1187903.97
428	7559978.465562	0.195447	3013.070066	0.363586	1188978.47
429	7561047.035737	0.195820	3010.596025	0.361794	1190047.04
430	7562109.682207	0.196192	3008.134375	0.359999	1191109.68
431	7563166.406491	0.196564	3005.685131	0.358201	1192166.41
432	7564217.210097	0.196937	3003.248309	0.356401	1193217.21
433	7565262.094524	0.197309	3000.823924	0.354598	1194262.09
434	7566301.061262	0.197681	2998.411990	0.352792	1195301.06
435	7567334.111794	0.198052	2996.012523	0.350983	1196334.11
436	7568361.247590	0.198424	2993.625537	0.349172	1197361.25
437	7569382.470116	0.198796	2991.251048	0.347358	1198382.47
438	7570397.780824	0.199167	2988.889070	0.345541	1199397.78
439	7571407.181161	0.199539	2986.539620	0.343722	1200407.18
440	7572410.672564	0.199910	2984.202710	0.341900	1201410.67
441	7573408.256459	0.200281	2981.878358	0.340076	1202408.26
442	7574399.934266	0.200652	2979.566576	0.338248	1203399.93
443	7575385.707394	0.201023	2977.267381	0.336419	1204385.71
444	7576365.577244	0.201394	2974.980788	0.334586	1205365.58
445	7577339.545209	0.201765	2972.706810	0.332751	1206339.55
446	7578307.612672	0.202136	2970.445464	0.330913	1207307.61
447	7579269.781006	0.202507	2968.196764	0.329073	1208269.78
448	7580226.051578	0.202877	2965.960724	0.327230	1209226.05
449	7581176.425745	0.203248	2963.737360	0.325384	1210176.43
450	7582120.904853	0.203618	2961.526686	0.323536	1211120.90
451	7583059.490242	0.203988	2959.328718	0.321685	1212059.49
452	7583992.183242	0.204358	2957.143469	0.319832	1212992.18
453	7584918.985175	0.204729	2954.970956	0.317976	1213918.99
454	7585839.897353	0.205099	2952.811191	0.316118	1214839.90
455	7586754.921080	0.205468	2950.664190	0.314257	1215754.92
456	7587664.057652	0.205838	2948.529968	0.312394	1216664.06
457	7588567.308354	0.206208	2946.408540	0.310528	1217567.31
458	7589464.674464	0.206578	2944.299919	0.308659	1218464.67
459	7590356.157251	0.206947	2942.204121	0.306788	1219356.16
460	7591241.757976	0.207317	2940.121159	0.304915	1220241.76
461	7592121.477889	0.207686	2938.051049	0.303039	1221121.48
462	7592995.318234	0.208055	2935.993805	0.301161	1221995.32
463	7593863.280244	0.208425	2933.949441	0.299280	1222863.28
464	7594725.365145	0.208794	2931.917972	0.297397	1223725.37
465	7595581.574153	0.209163	2929.899412	0.295511	1224581.57
466	7596431.908477	0.209532	2927.893775	0.293623	1225431.91
467	7597276.369317	0.209901	2925.901076	0.291733	1226276.37
468	7598114.957861	0.210270	2923.921328	0.289840	1227114.96
469	7598947.675294	0.210638	2921.954547	0.287944	1227947.68
470	7599774.522788	0.211007	2920.000746	0.286047	1228774.52
471	7600595.501508	0.211375	2918.059940	0.284147	1229595.50
472	7601410.612610	0.211744	2916.132142	0.282244	1230410.61
473	7602219.857243	0.212112	2914.217366	0.280340	1231219.86
474	7603023.236544	0.212481	2912.315627	0.278433	1232023.24
475	7603820.751645	0.212849	2910.426938	0.276523	1232820.75
476	7604612.403668	0.213217	2908.551313	0.274612	1233612.40
477	7605398.193725	0.213585	2906.688767	0.272698	1234398.19
478	7606178.122923	0.213953	2904.839312	0.270781	1235178.12
479	7606952.192356	0.214321	2903.002963	0.268863	1235952.19
480	7607720.403112	0.214689	2901.179733	0.266942	1236720.40
481	7608482.756271	0.215057	2899.369637	0.265019	1237482.76
482	7609239.252904	0.215425	2897.572687	0.263094	1238239.25
483	7609989.894073	0.215792	2895.788897	0.261166	1238989.89
484	7610734.680830	0.216160	2894.018280	0.259236	1239734.68
485	7611473.614222	0.216527	2892.260851	0.257304	1240473.61
486	7612206.695285	0.216895	2890.516622	0.255370	1241206.70
487	7612933.925047	0.217262	2888.785607	0.253434	1241933.93
488	7613655.304528	0.217630	2887.067818	0.251496	1242655.30
489	7614370.834739	0.217997	2885.363270	0.249555	1243370.83
490	7615080.516683	0.218364	2883.671975	0.247612	1244080.52
491	7615784.351355	0.218731	2881.993947	0.245667	1244784.35
492	7616482.339739	0.219098	2880.329198	0.243720	1245482.34
493	7617174.482814	0.219465	2878.677741	0.241771	1246174.48
494	7617860.781549	0.219832	2877.039589	0.239820	1246860.78
495	7618541.236904	0.220199	2875.414756	0.237867	1247541.24
496	7619215.849832	0.220566	2873.803253	0.235911	1248215.85
497	7619884.621276	0.220932	2872.205094	0.233954	1248884.62
498	7620547.552171	0.221299	2870.620290	0.231995	1249547.55
499	7621204.643446	0.221665	2869.048856	0.230033	1250204.64
500	7621855.896017	0.222032	2867.490802	0.228070	1250855.90
501	7622501.310796	0.222398	2865.946142	0.226105	1251501.31
502	7623140.888685	0.222765	2864.414888	0.224137	1252140.89
503	7623774.630577	0.223131	2862.897052	0.222168	1252774.63
504	7624402.537357	0.223497	2861.392646	0.220197	1253402.54
505	7625024.609902	0.223864	2859.901683	0.218223	1254024.61
506	7625640.849081	0.224230	2858.424174	0.216248	1254640.85
507	7626251.255754	0.224596	2856.960131	0.214271	1255251.26
508	7626855.830772	0.224962	2855.509567	0.212292	1255855.83
509	7627454.574979	0.225328	2854.072493	0.210311	1256454.57
510	7628047.489210	0.225694	2852.648921	0.208329	1257047.49
511	7628634.574293	0.226060	2851.238862	0.206344	1257634.57
512	7629215.831045	0.226425	2849.842329	0.204358	1258215.83
513	7629791.260277	0.226791	2848.459332	0.202370	1258791.26
514	7630360.862792	0.227157	2847.089883	0.200380	1259360.86
515	7630924.639382	0.227522	2845.733993	0.198388	1259924.64
516	7631482.590834	0.227888	2844.391674	0.196395	1260482.59
517	7632034.717924	0.228253	2843.062937	0.194399	1261034.72
518	7632581.021421	0.228619	2841.747792	0.192402	1261581.02
519	7633121.502086	0.228984	2840.446252	0.190404	1262121.50
520	7633656.160672	0.229350	2839.158325	0.188403	1262656.16
521	7634184.997922	0.229715	2837.884025	0.186401	1263185.00
522	7634708.014572	0.230080	2836.623360	0.184397	1263708.01
523	7635225.211351	0.230446	2835.376343	0.182392	1264225.21
524	7635736.588978	0.230811	2834.142982	0.180385	1264736.59
525	7636242.148163	0.231176	2832.923290	0.178376	1265242.15
526	7636741.889610	0.231541	2831.717275	0.176366	1265741.89
527	7637235.814013	0.231906	2830.524949	0.174354	1266235.81
528	7637723.922060	0.232271	2829.346322	0.172340	1266723.92
529	7638206.214428	0.232636	2828.181403	0.170325	1267206.21
530	7638682.691788	0.233001	2827.030203	0.168309	1267682.69
531	7639153.354802	0.233366	2825.892731	0.166290	1268153.35
532	7639618.204124	0.233730	2824.768998	0.164271	1268618.20
533	7640077.240398	0.234095	2823.659012	0.162250	1269077.24
534	7640530.464263	0.234460	2822.562784	0.160227	1269530.46
535	7640977.876348	0.234825	2821.480323	0.158203	1269977.88
536	7641419.477274	0.235189	2820.411639	0.156177	1270419.48
537	7641855.267653	0.235554	2819.356740	0.154150	1270855.27
538	7642285.248092	0.235918	2818.315636	0.152122	1271285.25
539	7642709.419185	0.236283	2817.288336	0.150092	1271709.42
540	7643127.781522	0.236647	2816.274849	0.148061	1272127.78
541	7643540.335684	0.237012	2815.275184	0.146028	1272540.34
542	7643947.082241	0.237376	2814.289349	0.143994	1272947.08
543	7644348.021759	0.237740	2813.317353	0.141959	1273348.02
544	7644743.154793	0.238105	2812.359205	0.139923	1273743.15
545	7645132.481891	0.238469	2811.414914	0.137885	1274132.48
546	7645516.003593	0.238833	2810.484487	0.135846	1274516.00
547	7645893.720430	0.239197	2809.567932	0.133805	1274893.72
548	7646265.632925	0.239562	2808.665259	0.131764	1275265.63
549	7646631.741595	0.239926	2807.776474	0.129721	1275631.74
550	7646992.046945	0.240290	2806.901587	0.127677	1275992.05
551	7647346.549476	0.240654	2806.040603	0.125632	1276346.55
552	7647695.249678	0.241018	2805.193533	0.123585	1276695.25
553	7648038.148034	0.241382	2804.360381	0.121538	1277038.15
554	7648375.245019	0.241746	2803.541158	0.119489	1277375.25
555	7648706.541099	0.242110	2802.735869	0.117439	1277706.54
556	7649032.036734	0.242474	2801.944521	0.115389	1278032.04
557	7649351.732374	0.242837	2801.167123	0.113337	1278351.73
558	7649665.628461	0.243201	2800.403680	0.111284	1278665.63
559	7649973.725430	0.243565	2799.654201	0.109230	1278973.73
560	7650276.023707	0.243929	2798.918691	0.107175	1279276.02
561	7650572.523710	0.244293	2798.197157	0.105119	1279572.52
562	7650863.225849	0.244656	2797.489606	0.103061	1279863.23
563	7651148.130528	0.245020	2796.796044	0.101003	1280148.13
564	7651427.238138	0.245384	2796.116478	0.098945	1280427.24
565	7651700.549068	0.245747	2795.450913	0.096885	1280700.55
566	7651968.063694	0.246111	2794.799356	0.094824	1280968.06
567	7652229.782387	0.246475	2794.161813	0.092762	1281229.78
568	7652485.705508	0.246838	2793.538289	0.090700	1281485.71
569	7652735.833411	0.247202	2792.928790	0.088636	1281735.83
570	7652980.166443	0.247565	2792.333322	0.086572	1281980.17
571	7653218.704940	0.247929	2791.751889	0.084507	1282218.70
572	7653451.449232	0.248292	2791.184499	0.082441	1282451.45
573	7653678.399642	0.248656	2790.631155	0.080374	1282678.40
574	7653899.556482	0.249019	2790.091862	0.078307	1282899.56
575	7654114.920059	0.249382	2789.566627	0.076239	1283114.92
576	7654324.490669	0.249746	2789.055453	0.074170	1283324.49
577	7654528.268603	0.250109	2788.558345	0.072100	1283528.27
578	7654726.254142	0.250472	2788.075307	0.070030	1283726.25
579	7654918.447559	0.250836	2787.606346	0.067959	1283918.45
580	7655104.849120	0.251199	2787.151463	0.065888	1284104.85
581	7655285.459082	0.251562	2786.710665	0.063815	1284285.46
582	7655460.277695	0.251926	2786.283954	0.061743	1284460.28
583	7655629.305200	0.252289	2785.871335	0.059669	1284629.31
584	7655792.541831	0.252652	2785.472811	0.057595	1284792.54
585	7655949.987813	0.253015	2785.088387	0.055521	1284949.99
586	7656101.643363	0.253379	2784.718066	0.053446	1285101.64
587	7656247.508691	0.253742	2784.361851	0.051370	1285247.51
588	7656387.583998	0.254105	2784.019745	0.049294	1285387.58
589	7656521.869478	0.254468	2783.691753	0.047218	1285521.87
590	7656650.365315	0.254831	2783.377876	0.045141	1285650.37
591	7656773.071688	0.255194	2783.078117	0.043063	1285773.07
592	7656889.988766	0.255558	2782.792481	0.040986	1285889.99
593	7657001.116710	0.255921	2782.520968	0.038907	1286001.12
594	7657106.455673	0.256284	2782.263583	0.036829	1286106.46
595	7657206.005801	0.256647	2782.020326	0.034750	1286206.01
596	7657299.767232	0.257010	2781.791200	0.032671	1286299.77
597	7657387.740094	0.257373	2781.576209	0.030591	1286387.74
598	7657469.924509	0.257736	2781.375352	0.028511	1286469.92
599	7657546.320590	0.258099	2781.188633	0.026431	1286546.32
600	7657616.928444	0.258462	2781.016053	0.024351	1286616.93
601	7657681.748167	0.258825	2780.857614	0.022270	1286681.75
602	7657740.779848	0.259188	2780.713317	0.020190	1286740.78
603	7657794.023570	0.259552	2780.583164	0.018109	1286794.02
604	7657841.479405	0.259915	2780.467156	0.016027	1286841.48
605	7657883.147420	0.260278	2780.365293	0.013946	1286883.15
606	7657919.027671	0.260641	2780.277577	0.011865	1286919.03
607	7657949.120209	0.261004	2780.204009	0.009783	1286949.12
608	7657973.425074	0.261367	2780.144589	0.007701	1286973.43
609	7657991.942301	0.261730	2780.099318	0.005620	1286991.94
610	7658004.671914	0.262093	2780.068196	0.003538	1287004.67
611	7658011.613931	0.262456	2780.051224	0.001456	1287011.61
612	7658012.768363	0.262819	2780.048401	-0.000626	1287012.77
613	7658008.135210	0.263182	2780.059729	-0.002707	1287008.14
614	7657997.714466	0.263545	2780.085206	-0.004789	1286997.71
615	7657981.506117	0.263908	2780.124832	-0.006871	1286981.51
616	7657959.510140	0.264271	2780.178608	-0.008953	1286959.51
617	7657931.726506	0.264634	2780.246532	-0.011034	1286931.73
618	7657898.155175	0.264997	2780.328604	-0.013116	1286898.16
619	7657858.796101	0.265360	2780.424823	-0.015197	1286858.80
620	7657813.649230	0.265723	2780.535188	-0.017278	1286813.65
621	7657762.714501	0.266086	2780.659699	-0.019359	1286762.71
622	7657705.991841	0.266449	2780.798354	-0.021440	1286705.99
623	7657643.481174	0.266812	2780.951151	-0.023521	1286643.48
624	7657575.182413	0.267175	2781.118090	-0.025601	1286575.18
625	7657501.095464	0.267538	2781.299169	-0.027682	1286501.10
626	7657421.220224	0.267901	2781.494385	-0.029762	1286421.22
627	7657335.556584	0.268264	2781.703738	-0.031841	1286335.56
628	7657244.104424	0.268628	2781.927226	-0.033921	1286244.10
629	7657146.863619	0.268991	2782.164845	-0.036000	1286146.86
630	7657043.834035	0.269354	2782.416595	-0.038078	1286043.83
631	7656935.015530	0.269717	2782.682472	-0.040157	1285935.02
632	7656820.407952	0.270080	2782.962474	-0.042235	1285820.41
633	7656700.011145	0.270443	2783.256599	-0.044312	1285700.01
634	7656573.824941	0.270806	2783.564844	-0.046389	1285573.82
635	7656441.849167	0.271170	2783.887206	-0.048466	1285441.85
636	7656304.083641	0.271533	2784.223681	-0.050542	1285304.08
637	7656160.528172	0.271896	2784.574268	-0.052618	1285160.53
638	7656011.182562	0.272259	2784.938962	-0.054693	1285011.18
639	7655856.046605	0.272622	2785.317761	-0.056768	1284856.05
640	7655695.120086	0.272986	2785.710660	-0.058842	1284695.12
641	7655528.402784	0.273349	2786.117656	-0.060915	1284528.40
642	7655355.894469	0.273712	2786.538746	-0.062989	1284355.89
643	7655177.594901	0.274075	2786.973925	-0.065061	1284177.59
644	7654993.503835	0.274439	2787.423189	-0.067133	1283993.50
645	7654803.621017	0.274802	2787.886535	-0.069204	1283803.62
646	7654607.946184	0.275165	2788.363958	-0.071274	1283607.95
647	7654406.479066	0.275529	2788.855453	-0.073344	1283406.48
648	7654199.219384	0.275892	2789.361016	-0.075413	1283199.22
649	7653986.166853	0.276255	2789.880643	-0.077482	1282986.17
650	7653767.321178	0.276619	2790.414328	-0.079550	1282767.32
651	7653542.682056	0.276982	2790.962067	-0.081617	1282542.68
652	7653312.249178	0.277346	2791.523854	-0.083683	1282312.25
653	7653076.022224	0.277709	2792.099685	-0.085748	1282076.02
654	7652834.000869	0.278073	2792.689555	-0.087813	1281834.00
655	7652586.184777	0.278436	2793.293457	-0.089876	1281586.18
656	7652332.573606	0.278800	2793.911387	-0.091939	1281332.57
657	7652073.167006	0.279163	2794.543338	-0.094001	1281073.17
658	7651807.964618	0.279527	2795.189305	-0.096063	1280807.96
659	7651536.966074	0.279891	2795.849283	-0.098123	1280536.97
660	7651260.171002	0.280254	2796.523264	-0.100182	1280260.17
661	7650977.579016	0.280618	2797.211243	-0.102241	1279977.58
662	7650689.189728	0.280982	2797.913214	-0.104298	1279689.19
663	7650395.002738	0.281345	2798.629171	-0.106354	1279395.00
664	7650095.017638	0.281709	2799.359106	-0.108410	1279095.02
665	7649789.234014	0.282073	2800.103013	-0.110464	1278789.23
666	7649477.651444	0.282437	2800.860886	-0.112518	1278477.65
667	7649160.269494	0.282801	2801.632718	-0.114570	1278160.27
668	7648837.087727	0.283165	2802.418501	-0.116621	1277837.09
669	7648508.105695	0.283528	2803.218230	-0.118672	1277508.11
670	7648173.322943	0.283892	2804.031895	-0.120721	1277173.32
671	7647832.739006	0.284256	2804.859491	-0.122769	1276832.74
672	7647486.353414	0.284620	2805.701010	-0.124816	1276486.35
673	7647134.165687	0.284984	2806.556444	-0.126861	1276134.17
674	7646776.175337	0.285348	2807.425785	-0.128906	1275776.18
675	7646412.381869	0.285713	2808.309027	-0.130949	1275412.38
676	7646042.784777	0.286077	2809.206161	-0.132991	1275042.78
677	7645667.383551	0.286441	2810.117178	-0.135032	1274667.38
678	7645286.177669	0.286805	2811.042072	-0.137072	1274286.18
679	7644899.166605	0.287169	2811.980834	-0.139110	1273899.17
680	7644506.349820	0.287534	2812.933455	-0.141147	1273506.35
681	7644107.726771	0.287898	2813.899927	-0.143183	1273107.73
682	7643703.296905	0.288262	2814.880242	-0.145217	1272703.30
683	7643293.059662	0.288627	2815.874391	-0.147250	1272293.06
684	7642877.014472	0.288991	2816.882365	-0.149282	1271877.01
685	7642455.160757	0.289356	2817.904156	-0.151312	1271455.16
686	7642027.497934	0.289720	2818.939754	-0.153341	1271027.50
687	7641594.025409	0.290085	2819.989151	-0.155369	1270594.03
688	7641154.742580	0.290449	2821.052337	-0.157395	1270154.74
689	7640709.648837	0.290814	2822.129303	-0.159420	1269709.65
690	7640258.743562	0.291179	2823.220040	-0.161443	1269258.74
691	7639802.026131	0.291543	2824.324538	-0.163465	1268802.03
692	7639339.495907	0.291908	2825.442788	-0.165485	1268339.50
693	7638871.152250	0.292273	2826.574780	-0.167504	1267871.15
694	7638396.994509	0.292638	2827.720505	-0.169521	1267396.99
695	7637917.022024	0.293003	2828.879952	-0.171537	1266917.02
696	7637431.234129	0.293368	2830.053112	-0.173551	1266431.23
697	7636939.630148	0.293733	2831.239974	-0.175563	1265939.63
698	7636442.209400	0.294098	2832.440529	-0.177574	1265442.21
699	7635938.971191	0.294463	2833.654766	-0.179584	1264938.97
700	7635429.914823	0.294828	2834.882675	-0.181591	1264429.91
701	7634915.039586	0.295193	2836.124246	-0.183597	1263915.04
702	7634394.344766	0.295559	2837.379468	-0.185602	1263394.34
703	7633867.829638	0.295924	2838.648330	-0.187605	1262867.83
704	7633335.493469	0.296289	2839.930821	-0.189606	1262335.49
705	7632797.335518	0.296655	2841.226932	-0.191605	1261797.34
706	7632253.355036	0.297020	2842.536651	-0.193603	1261253.36
707	7631703.551266	0.297386	2843.859967	-0.195599	1260703.55
708	7631147.923442	0.297751	2845.196869	-0.197593	1260147.92
709	7630586.470790	0.298117	2846.547347	-0.199586	1259586.47
710	7630019.192529	0.298482	2847.911388	-0.201576	1259019.19
711	7629446.087867	0.298848	2849.288981	-0.203565	1258446.09
712	7628867.156006	0.299214	2850.680116	-0.205552	1257867.16
713	7628282.396140	0.299580	2852.084780	-0.207537	1257282.40
714	7627691.807452	0.299946	2853.502963	-0.209521	1256691.81
715	7627095.389119	0.300312	2854.934652	-0.211502	1256095.39
716	7626493.140309	0.300678	2856.379836	-0.213482	1255493.14
717	7625885.060182	0.301044	2857.838502	-0.215460	1254885.06
718	7625271.147890	0.301410	2859.310641	-0.217436	1254271.15
719	7624651.402576	0.301776	2860.796238	-0.219410	1253651.40
720	7624025.823374	0.302142	2862.295282	-0.221382	1253025.82
721	7623394.409412	0.302508	2863.807762	-0.223352	1252394.41
722	7622757.159806	0.302875	2865.333665	-0.225320	1251757.16
723	7622114.073668	0.303241	2866.872978	-0.227286	1251114.07
724	7621465.150098	0.303608	2868.425690	-0.229250	1250465.15
725	7620810.388189	0.303974	2869.991788	-0.231213	1249810.39
726	7620149.787027	0.304341	2871.571260	-0.233173	1249149.79
727	7619483.345687	0.304708	2873.164093	-0.235131	1248483.35
728	7618811.063237	0.305074	2874.770274	-0.237087	1247811.06
729	7618132.938738	0.305441	2876.389791	-0.239041	1247132.94
730	7617448.971240	0.305808	2878.022631	-0.240993	1246448.97
731	7616759.159786	0.306175	2879.668781	-0.242943	1245759.16
732	7616063.503409	0.306542	2881.328229	-0.244891	1245063.50
733	7615362.001137	0.306909	2883.000962	-0.246837	1244362.00
734	7614654.651987	0.307276	2884.686966	-0.248780	1243654.65
735	7613941.454967	0.307643	2886.386228	-0.250722	1242941.45
736	7613222.409079	0.308011	2888.098736	-0.252661	1242222.41
737	7612497.513313	0.308378	2889.824476	-0.254598	1241497.51
738	7611766.766655	0.308745	2891.563436	-0.256533	1240766.77
739	7611030.168079	0.309113	2893.315601	-0.258466	1240030.17
740	7610287.716552	0.309480	2895.080958	-0.260397	1239287.72
741	7609539.411032	0.309848	2896.859494	-0.262325	1238539.41
742	7608785.250469	0.310216	2898.651196	-0.264251	1237785.25
743	7608025.233804	0.310584	2900.456049	-0.266175	1237025.23
744	7607259.359970	0.310951	2902.274041	-0.268097	1236259.36
745	7606487.627891	0.311319	2904.105158	-0.270016	1235487.63
746	7605710.036483	0.311687	2905.949386	-0.271933	1234710.04
747	7604926.584653	0.312055	2907.806712	-0.273848	1233926.58
748	7604137.271300	0.312423	2909.677121	-0.275761	1233137.27
749	7603342.095313	0.312792	2911.560599	-0.277671	1232342.10
750	7602541.055574	0.313160	2913.457134	-0.279579	1231541.06
751	7601734.150957	0.313528	2915.366711	-0.281485	1230734.15
752	7600921.380325	0.313897	2917.289315	-0.283388	1229921.38
753	7600102.742534	0.314265	2919.224934	-0.285289	1229102.74
754	7599278.236432	0.314634	2921.173553	-0.287188	1228278.24
755	7598447.860857	0.315003	2923.135158	-0.289084	1227447.86
756	7597611.614639	0.315371	2925.109734	-0.290978	1226611.61
757	7596769.496599	0.315740	2927.097268	-0.292869	1225769.50
758	7595921.505550	0.316109	2929.097745	-0.294758	1224921.51
759	7595067.640296	0.316478	2931.111151	-0.296645	1224067.64
760	7594207.899633	0.316847	2933.137472	-0.298529	1223207.90
761	7593342.282347	0.317217	2935.176694	-0.300411	1222342.28
762	7592470.787216	0.317586	2937.228801	-0.302290	1221470.79
763	7591593.413010	0.317955	2939.293781	-0.304167	1220593.41
764	7590710.158490	0.318325	2941.371617	-0.306041	1219710.16
765	7589821.022407	0.318694	2943.462296	-0.307913	1218821.02
766	7588926.003505	0.319064	2945.565803	-0.309783	1217926.00
767	7588025.100518	0.319434	2947.682124	-0.311650	1217025.10
768	7587118.312173	0.319803	2949.811244	-0.313514	1216118.31
769	7586205.637186	0.320173	2951.953149	-0.315376	1215205.64
770	7585287.074266	0.320543	2954.107823	-0.317235	1214287.07
771	7584362.622113	0.320913	2956.275253	-0.319092	1213362.62
772	7583432.279416	0.321283	2958.455423	-0.320946	1212432.28
773	7582496.044860	0.321654	2960.648318	-0.322798	1211496.04
774	7581553.917116	0.322024	2962.853925	-0.324647	1210553.92
775	7580605.894849	0.322394	2965.072228	-0.326494	1209605.89
776	7579651.976714	0.322765	2967.303213	-0.328338	1208651.98
777	7578692.161360	0.323136	2969.546864	-0.330179	1207692.16
778	7577726.447424	0.323506	2971.803168	-0.332018	1206726.45
779	7576754.833534	0.323877	2974.072108	-0.333854	1205754.83
780	7575777.318312	0.324248	2976.353670	-0.335688	1204777.32
781	7574793.900368	0.324619	2978.647840	-0.337519	1203793.90
782	7573804.578306	0.324990	2980.954602	-0.339347	1202804.58
783	7572809.350719	0.325361	2983.273941	-0.341173	1201809.35
784	7571808.216192	0.325733	2985.605843	-0.342996	1200808.22
785	7570801.173300	0.326104	2987.950292	-0.344816	1199801.17
786	7569788.220612	0.326475	2990.307274	-0.346634	1198788.22
787	7568769.356684	0.326847	2992.676774	-0.348449	1197769.36
788	7567744.580066	0.327219	2995.058776	-0.350261	1196744.58
789	7566713.889299	0.327591	2997.453266	-0.352071	1195713.89
790	7565677.282913	0.327962	2999.860228	-0.353878	1194677.28
791	7564634.759430	0.328334	3002.279648	-0.355682	1193634.76
792	7563586.317364	0.328706	3004.711510	-0.357483	1192586.32
793	7562531.955220	0.329079	3007.155800	-0.359282	1191531.96
794	7561471.671491	0.329451	3009.612503	-0.361078	1190471.67
795	7560405.464665	0.329823	3012.081603	-0.362871	1189405.46
796	7559333.333219	0.330196	3014.563085	-0.364662	1188333.33
797	7558255.275620	0.330569	3017.056934	-0.366450	1187255.28
798	7557171.290328	0.330941	3019.563136	-0.368235	1186171.29
799	7556081.375793	0.331314	3022.081675	-0.370017	1185081.38
800	7554985.530455	0.331687	3024.612536	-0.371797	1183985.53
801	7553883.752747	0.332060	3027.155704	-0.373573	1182883.75
802	7552776.041091	0.332433	3029.711164	-0.375347	1181776.04
803	7551662.393901	0.332806	3032.278900	-0.377119	1180662.39
804	7550542.809581	0.333180	3034.858899	-0.378887	1179542.81
805	7549417.286526	0.333553	3037.451145	-0.380652	1178417.29
806	7548285.823123	0.333927	3040.055622	-0.382415	1177285.82
807	7547148.417748	0.334301	3042.672316	-0.384175	1176148.42
808	7546005.068769	0.334674	3045.301212	-0.385932	1175005.07
809	7544855.774546	0.335048	3047.942294	-0.387687	1173855.77
810	7543700.533426	0.335422	3050.595548	-0.389438	1172700.53
811	7542539.343750	0.335797	3053.260959	-0.391187	1171539.34
812	7541372.203849	0.336171	3055.938511	-0.392932	1170372.20
813	7540199.112045	0.336545	3058.628190	-0.394675	1169199.11
814	7539020.066650	0.336920	3061.329980	-0.396415	1168020.07
815	7537835.065967	0.337294	3064.043867	-0.398153	1166835.07
816	7536644.108290	0.337669	3066.769836	-0.399887	1165644.11
817	7535447.191903	0.338044	3069.507871	-0.401618	1164447.19
818	7534244.315082	0.338419	3072.257958	-0.403347	1163244.32
819	7533035.476092	0.338794	3075.020082	-0.405073	1162035.48
820	7531820.673189	0.339169	3077.794228	-0.406795	1160820.67
821	7530599.904621	0.339545	3080.580382	-0.408515	1159599.90
822	7529373.168626	0.339920	3083.378527	-0.410232	1158373.17
823	7528140.463431	0.340296	3086.188650	-0.411946	1157140.46
824	7526901.787256	0.340672	3089.010735	-0.413658	1155901.79
825	7525657.138311	0.341047	3091.844768	-0.415366	1154657.14
826	7524406.514794	0.341423	3094.690734	-0.417071	1153406.51
827	7523149.914897	0.341799	3097.548618	-0.418774	1152149.91
828	7521887.336801	0.342176	3100.418405	-0.420473	1150887.34
829	7520618.778678	0.342552	3103.300081	-0.422170	1149618.78
830	7519344.238689	0.342929	3106.193632	-0.423864	1148344.24
831	7518063.714987	0.343305	3109.099041	-0.425554	1147063.71
832	7516777.205716	0.343682	3112.016295	-0.427242	1145777.21
833	7515484.709009	0.344059	3114.945380	-0.428927	1144484.71
834	7514186.222990	0.344436	3117.886279	-0.430609	1143186.22
835	7512881.745773	0.344813	3120.838980	-0.432288	1141881.75
836	7511571.275463	0.345190	3123.803467	-0.433964	1140571.28
837	7510254.810156	0.345567	3126.779726	-0.435637	1139254.81
838	7508932.347937	0.345945	3129.767742	-0.437307	1137932.35
839	7507603.886882	0.346323	3132.767501	-0.438974	1136603.89
840	7506269.425058	0.346700	3135.778989	-0.440638	1135269.43
841	7504928.960521	0.347078	3138.802191	-0.442300	1133928.96
842	7503582.491317	0.347456	3141.837093	-0.443958	1132582.49
843	7502230.015485	0.347835	3144.883680	-0.445613	1131230.02
844	7500871.531052	0.348213	3147.941938	-0.447265	1129871.53
845	7499507.036036	0.348591	3151.011853	-0.448915	1128507.04
846	7498136.528445	0.348970	3154.093411	-0.450561	1127136.53
847	7496760.006277	0.349349	3157.186597	-0.452204	1125760.01
848	7495377.467521	0.349728	3160.291398	-0.453844	1124377.47
849	7493988.910155	0.350107	3163.407800	-0.455482	1122988.91
850	7492594.332148	0.350486	3166.535787	-0.457116	1121594.33
851	7491193.731460	0.350865	3169.675347	-0.458747	1120193.73
852	7489787.106040	0.351245	3172.826464	-0.460376	1118787.11
853	7488374.453827	0.351624	3175.989127	-0.462001	1117374.45
854	7486955.772751	0.352004	3179.163319	-0.463623	1115955.77
855	7485531.060731	0.352384	3182.349028	-0.465243	1114531.06
856	7484100.315677	0.352764	3185.546240	-0.466859	1113100.32
857	7482663.535489	0.353144	3188.754941	-0.468472	1111663.54
858	7481220.718056	0.353524	3191.975117	-0.470083	1110220.72
859	7479771.861259	0.353905	3195.206755	-0.471690	1108771.86
860	7478316.962967	0.354285	3198.449840	-0.473294	1107316.96
861	7476856.021039	0.354666	3201.704360	-0.474895	1105856.02
862	7475389.033327	0.355047	3204.970300	-0.476494	1104389.03
863	7473915.997670	0.355428	3208.247648	-0.478089	1102916.00
864	7472436.911896	0.355809	3211.536390	-0.479681	1101436.91
865	7470951.773827	0.356191	3214.836512	-0.481270	1099951.77
866	7469460.581271	0.356572	3218.148001	-0.482856	1098460.58
867	7467963.332028	0.356954	3221.470844	-0.484439	1096963.33
868	7466460.023887	0.357336	3224.805028	-0.486019	1095460.02
869	7464950.654628	0.357717	3228.150538	-0.487596	1093950.65
870	7463435.222019	0.358100	3231.507363	-0.489170	1092435.22
871	7461913.723819	0.358482	3234.875489	-0.490741	1090913.72
872	7460386.157777	0.358864	3238.254903	-0.492309	1089386.16
873	7458852.521631	0.359247	3241.645592	-0.493874	1087852.52
874	7457312.813108	0.359630	3245.047543	-0.495436	1086312.81
875	7455767.029928	0.360013	3248.460744	-0.496995	1084767.03
876	7454215.169797	0.360396	3251.885180	-0.498551	1083215.17
877	7452657.230413	0.360779	3255.320841	-0.500104	1081657.23
878	7451093.209463	0.361162	3258.767712	-0.501653	1080093.21
879	7449523.104623	0.361546	3262.225781	-0.503200	1078523.10
880	7447946.913559	0.361930	3265.695036	-0.504744	1076946.91
881	7446364.633927	0.362313	3269.175465	-0.506284	1075364.63
882	7444776.263373	0.362697	3272.667053	-0.507822	1073776.26
883	7443181.799531	0.363082	3276.169790	-0.509356	1072181.80
884	7441581.240027	0.363466	3279.683663	-0.510888	1070581.24
885	7439974.582474	0.363851	3283.208659	-0.512417	1068974.58
886	7438361.824476	0.364235	3286.744767	-0.513942	1067361.82
887	7436742.963625	0.364620	3290.291973	-0.515464	1065742.96
888	7435117.997505	0.365005	3293.850266	-0.516984	1064118.00
889	7433486.923688	0.365390	3297.419635	-0.518500	1062486.92
890	7431849.739734	0.365776	3301.000066	-0.520013	1060849.74
891	7430206.443196	0.366161	3304.591548	-0.521524	1059206.44
892	7428557.031612	0.366547	3308.194069	-0.523031	1057557.03
893	7426901.502513	0.366933	3311.807618	-0.524535	1055901.50
894	7425239.853417	0.367319	3315.432182	-0.526036	1054239.85
895	7423572.081834	0.367705	3319.067750	-0.527534	1052572.08
896	7421898.185260	0.368092	3322.714310	-0.529030	1050898.19
897	7420218.161182	0.368478	3326.371850	-0.530522	1049218.16
898	7418532.007076	0.368865	3330.040360	-0.532011	1047532.01
899	7416839.720409	0.369252	3333.719828	-0.533497	1045839.72
900	7415141.298634	0.369639	3337.410242	-0.534980	1044141.30
901	7413436.739195	0.370026	3341.111591	-0.536460	1042436.74
902	7411726.039525	0.370414	3344.823865	-0.537936	1040726.04
903	7410009.197047	0.370801	3348.547051	-0.539410	1039009.20
904	7408286.209171	0.371189	3352.281139	-0.540881	1037286.21
905	7406557.073298	0.371577	3356.026117	-0.542349	1035557.07
906	7404821.786817	0.371965	3359.781976	-0.543814	1033821.79
907	7403080.347107	0.372354	3363.548703	-0.545276	1032080.35
908	7401332.751535	0.372742	3367.326288	-0.546734	1030332.75
909	7399578.997458	0.373131	3371.114721	-0.548190	1028579.00
910	7397819.082221	0.373520	3374.913991	-0.549643	1026819.08
911	7396053.003159	0.373909	3378.724087	-0.551093	1025053.00
912	7394280.757594	0.374298	3382.544999	-0.552539	1023280.76
913	7392502.342841	0.374688	3386.376716	-0.553983	1021502.34
914	7390717.756199	0.375077	3390.219228	-0.555424	1019717.76
915	7388926.994959	0.375467	3394.072525	-0.556861	1017926.99
916	7387130.056399	0.375857	3397.936597	-0.558296	1016130.06
917	7385326.937789	0.376247	3401.811432	-0.559727	1014326.94
918	7383517.636383	0.376638	3405.697022	-0.561156	1012517.64
919	7381702.149428	0.377029	3409.593357	-0.562582	1010702.15
920	7379880.474157	0.377419	3413.500426	-0.564004	1008880.47
921	7378052.607794	0.377810	3417.418219	-0.565424	1007052.61
922	7376218.547549	0.378202	3421.346728	-0.566840	1005218.55
923	7374378.290624	0.378593	3425.285941	-0.568254	1003378.29
924	7372531.834207	0.378985	3429.235851	-0.569665	1001531.83
925	7370679.175475	0.379376	3433.196446	-0.571072	999679.18
926	7368820.311594	0.379768	3437.167718	-0.572477	997820.31
927	7366955.239720	0.380160	3441.149658	-0.573878	995955.24
928	7365083.956996	0.380553	3445.142255	-0.575277	994083.96
929	7363206.460552	0.380945	3449.145502	-0.576673	992206.46
930	7361322.747510	0.381338	3453.159388	-0.578065	990322.75
931	7359432.814977	0.381731	3457.183905	-0.579455	988432.81
932	7357536.660052	0.382124	3461.219044	-0.580842	986536.66
933	7355634.279820	0.382518	3465.264795	-0.582225	984634.28
934	7353725.671354	0.382911	3469.321151	-0.583606	982725.67
935	7351810.831718	0.383305	3473.388102	-0.584984	980810.83
936	7349889.757961	0.383699	3477.465641	-0.586359	978889.76
937	7347962.447123	0.384093	3481.553757	-0.587731	976962.45
938	7346028.896230	0.384488	3485.652443	-0.589099	975028.90
939	7344089.102300	0.384882	3489.761691	-0.590465	973089.10
940	7342143.062334	0.385277	3493.881492	-0.591828	971143.06
941	7340190.773326	0.385672	3498.011838	-0.593188	969190.77
942	7338232.232255	0.386067	3502.152720	-0.594545	967232.23
943	7336267.436090	0.386463	3506.304132	-0.595899	965267.44
944	7334296.381788	0.386859	3510.466064	-0.597250	963296.38
945	7332319.066291	0.387254	3514.638509	-0.598599	961319.07
946	7330335.486534	0.387651	3518.821460	-0.599944	959335.49
947	7328345.639437	0.388047	3523.014908	-0.601286	957345.64
948	7326349.521909	0.388443	3527.218846	-0.602625	955349.52
949	7324347.130846	0.388840	3531.433266	-0.603962	953347.13
950	7322338.463132	0.389237	3535.658162	-0.605295	951338.46
951	7320323.515641	0.389634	3539.893525	-0.606626	949323.52
952	7318302.285232	0.390032	3544.139348	-0.607954	947302.29
953	7316274.768754	0.390429	3548.395625	-0.609278	945274.77
954	7314240.963044	0.390827	3552.662348	-0.610600	943240.96
955	7312200.864924	0.391225	3556.939510	-0.611919	941200.86
956	7310154.471207	0.391623	3561.227104	-0.613235	939154.47
957	7308101.778692	0.392022	3565.525123	-0.614548	937101.78
958	7306042.784166	0.392421	3569.833561	-0.615858	935042.78
959	7303977.484405	0.392820	3574.152412	-0.617165	932977.48
960	7301905.876170	0.393219	3578.481668	-0.618469	930905.88
961	7299827.956213	0.393618	3582.821323	-0.619771	928827.96
962	7297743.721270	0.394018	3587.171370	-0.621069	926743.72
963	7295653.168066	0.394418	3591.531804	-0.622365	924653.17
964	7293556.293316	0.394818	3595.902619	-0.623658	922556.29
965	7291453.093719	0.395218	3600.283807	-0.624948	920453.09
966	7289343.565963	0.395619	3604.675364	-0.626235	918343.57
967	7287227.706724	0.396020	3609.077283	-0.627519	916227.71
968	7285105.512663	0.396421	3613.489559	-0.628800	914105.51
969	7282976.980432	0.396822	3617.912185	-0.630078	911976.98
970	7280842.106668	0.397223	3622.345157	-0.631354	909842.11
971	7278700.887995	0.397625	3626.788468	-0.632626	907700.89
972	7276553.321025	0.398027	3631.242113	-0.633896	905553.32
973	7274399.402359	0.398429	3635.706087	-0.635163	903399.40
974	7272239.128582	0.398832	3640.180385	-0.636427	901239.13
975	7270072.496268	0.399234	3644.665001	-0.637688	899072.50
976	7267899.501978	0.399637	3649.159931	-0.638946	896899.50
977	7265720.142261	0.400040	3653.665168	-0.640202	894720.14
978	7263534.413651	0.400444	3658.180710	-0.641454	892534.41
979	7261342.312670	0.400847	3662.706550	-0.642704	890342.31
980	7259143.835828	0.401251	3667.242684	-0.643951	888143.84
981	7256938.979621	0.401656	3671.789108	-0.645195	885938.98
982	7254727.740532	0.402060	3676.345817	-0.646437	883727.74
983	7252510.115031	0.402465	3680.912807	-0.647675	881510.12
984	7250286.099575	0.402869	3685.490072	-0.648911	879286.10
985	7248055.690609	0.403275	3690.077610	-0.650144	877055.69
986	7245818.884562	0.403680	3694.675416	-0.651374	874818.88
987	7243575.677853	0.404086	3699.283487	-0.652601	872575.68
988	7241326.066885	0.404491	3703.901817	-0.653825	870326.07
989	7239070.048049	0.404898	3708.530403	-0.655047	868070.05
990	7236807.617724	0.405304	3713.169243	-0.656266	865807.62
991	7234538.772273	0.405711	3717.818331	-0.657482	863538.77
992	7232263.508047	0.406117	3722.477665	-0.658695	861263.51
993	7229981.821384	0.406525	3727.147241	-0.659906	858981.82
994	7227693.708608	0.406932	3731.827055	-0.661113	856693.71
995	7225399.166030	0.407340	3736.517106	-0.662318	854399.17
996	7223098.189946	0.407748	3741.217389	-0.663520	852098.19
997	7220790.776640	0.408156	3745.927901	-0.664720	849790.78
998	7218476.922381	0.408564	3750.648640	-0.665916	847476.92
999	7216156.623427	0.408973	3755.379602	-0.667110	845156.62
1000	7213829.876019	0.409382	3760.120786	-0.668301	842829.88
1001	7211496.676387	0.409791	3764.872188	-0.669490	840496.68
1002	7209157.020746	0.410201	3769.633806	-0.670675	838157.02
1003	7206810.905296	0.410610	3774.405638	-0.671858	835810.91
1004	7204458.326226	0.411021	3779.187681	-0.673038	833458.33
1005	7202099.279708	0.411431	3783.979932	-0.674216	831099.28
1006	7199733.761904	0.411841	3788.782391	-0.675390	828733.76
1007	7197361.768958	0.412252	3793.595055	-0.676562	826361.77
1008	7194983.297003	0.412663	3798.417922	-0.677732	823983.30
1009	7192598.342157	0.413075	3803.250990	-0.678898	821598.34
1010	7190206.900522	0.413486	3808.094257	-0.680062	819206.90
1011	7187808.968189	0.413898	3812.947723	-0.681223	816808.97
1012	7185404.541234	0.414311	3817.811385	-0.682381	814404.54
1013	7182993.615718	0.414723	3822.685242	-0.683537	811993.62
1014	7180576.187687	0.415136	3827.569293	-0.684690	809576.19
1015	7178152.253176	0.415549	3832.463536	-0.685840	807152.25
1016	7175721.808202	0.415962	3837.367971	-0.686988	804721.81
1017	7173284.848771	0.416376	3842.282597	-0.688133	802284.85
1018	7170841.370872	0.416790	3847.207413	-0.689275	799841.37
1019	7168391.370480	0.417204	3852.142417	-0.690414	797391.37
1020	7165934.843557	0.417618	3857.087611	-0.691551	794934.84
1021	7163471.786050	0.418033	3862.042991	-0.692686	792471.79
1022	7161002.193891	0.418448	3867.008560	-0.693817	790002.19
1023	7158526.062996	0.418863	3871.984315	-0.694946	787526.06
1024	7156043.389270	0.419279	3876.970257	-0.696072	785043.39
1025	7153554.168600	0.419695	3881.966387	-0.697196	782554.17
1026	7151058.396861	0.420111	3886.972702	-0.698317	780058.40
1027	7148556.069910	0.420527	3891.989205	-0.699435	777556.07
1028	7146047.183592	0.420944	3897.015895	-0.700551	775047.18
1029	7143531.733737	0.421361	3902.052772	-0.701664	772531.73
1030	7141009.716159	0.421779	3907.099837	-0.702774	770009.72
1031	7138481.126656	0.422196	3912.157090	-0.703882	767481.13
1032	7135945.961015	0.422614	3917.224532	-0.704987	764945.96
1033	7133404.215004	0.423032	3922.302164	-0.706089	762404.22
1034	7130855.884378	0.423451	3927.389986	-0.707189	759855.88
1035	7128300.964877	0.423870	3932.488000	-0.708287	757300.96
1036	7125739.452224	0.424289	3937.596207	-0.709381	754739.45
1037	7123171.342129	0.424708	3942.714607	-0.710474	752171.34
1038	7120596.630286	0.425128	3947.843203	-0.711563	749596.63
1039	7118015.312374	0.425548	3952.981994	-0.712650	747015.31
1040	7115427.384056	0.425969	3958.130984	-0.713734	744427.38
1041	7112832.840980	0.426389	3963.290174	-0.714816	741832.84
1042	7110231.678778	0.426810	3968.459565	-0.715895	739231.68
1043	7107623.893069	0.427231	3973.639159	-0.716972	736623.89
1044	7105009.479453	0.427653	3978.828958	-0.718046	734009.48
1045	7102388.433518	0.428075	3984.028964	-0.719118	731388.43
1046	7099760.750832	0.428497	3989.239180	-0.720187	728760.75
1047	7097126.426953	0.428920	3994.459607	-0.721253	726126.43
1048	7094485.457418	0.429342	3999.690249	-0.722317	723485.46
1049	7091837.837752	0.429766	4004.931107	-0.723378	720837.84
1050	7089183.563463	0.430189	4010.182184	-0.724437	718183.56
1051	7086522.630042	0.430613	4015.443483	-0.725493	715522.63
1052	7083855.032965	0.431037	4020.715007	-0.726547	712855.03
1053	7081180.767694	0.431461	4025.996759	-0.727598	710180.77
1054	7078499.829672	0.431886	4031.288741	-0.728647	707499.83
1055	7075812.214328	0.432311	4036.590958	-0.729693	704812.21
1056	7073117.917074	0.432736	4041.903412	-0.730736	702117.92
1057	7070416.933306	0.433162	4047.226106	-0.731777	699416.93
1058	7067709.258405	0.433588	4052.559045	-0.732816	696709.26
1059	7064994.887733	0.434015	4057.902232	-0.733852	693994.89
1060	7062273.816639	0.434441	4063.255671	-0.734886	691273.82
1061	7059546.040455	0.434868	4068.619365	-0.735917	688546.04
1062	7056811.554494	0.435296	4073.993319	-0.736946	685811.55
1063	7054070.354056	0.435723	4079.377536	-0.737972	683070.35
1064	7051322.434422	0.436151	4084.772021	-0.738995	680322.43
1065	7048567.790858	0.436580	4090.176778	-0.740017	677567.79
1066	7045806.418614	0.437008	4095.591812	-0.741035	674806.42
1067	7043038.312922	0.437437	4101.017128	-0.742052	672038.31
1068	7040263.468997	0.437867	4106.452729	-0.743066	669263.47
1069	7037481.882039	0.438296	4111.898621	-0.744077	666481.88
1070	7034693.547229	0.438726	4117.354809	-0.745086	663693.55
1071	7031898.459734	0.439157	4122.821297	-0.746092	660898.46
1072	7029096.614702	0.439588	4128.298091	-0.747096	658096.61
1073	7026288.007265	0.440019	4133.785197	-0.748098	655288.01
1074	7023472.632538	0.440450	4139.282619	-0.749097	652472.63
1075	7020650.485618	0.440882	4144.790363	-0.750094	649650.49
1076	7017821.561586	0.441314	4150.308434	-0.751088	646821.56
1077	7014985.855505	0.441746	4155.836840	-0.752080	643985.86
1078	7012143.362422	0.442179	4161.375584	-0.753070	641143.36
1079	7009294.077366	0.442612	4166.924674	-0.754057	638294.08
1080	7006437.995349	0.443046	4172.484115	-0.755041	635438.00
1081	7003575.111365	0.443480	4178.053914	-0.756024	632575.11
1082	7000705.420391	0.443914	4183.634076	-0.757004	629705.42
1083	6997828.917387	0.444348	4189.224610	-0.757981	626828.92
1084	6994945.597295	0.444783	4194.825520	-0.758956	623945.60
1085	6992055.455039	0.445219	4200.436814	-0.759929	621055.46
1086	6989158.485526	0.445654	4206.058499	-0.760899	618158.49
1087	6986254.683646	0.446090	4211.690581	-0.761867	615254.68
1088	6983344.044269	0.446527	4217.333068	-0.762833	612344.04
1089	6980426.562249	0.446963	4222.985967	-0.763796	609426.56
1090	6977502.232423	0.447401	4228.649285	-0.764757	606502.23
1091	6974571.049607	0.447838	4234.323030	-0.765716	603571.05
1092	6971633.008602	0.448276	4240.007209	-0.766672	600633.01
1093	6968688.104189	0.448714	4245.701830	-0.767626	597688.10
1094	6965736.331133	0.449153	4251.406900	-0.768577	594736.33
1095	6962777.684178	0.449592	4257.122428	-0.769527	591777.68
1096	6959812.158052	0.450031	4262.848422	-0.770473	588812.16
1097	6956839.747464	0.450471	4268.584890	-0.771418	585839.75
1098	6953860.447104	0.450911	4274.331841	-0.772360	582860.45
1099	6950874.251646	0.451351	4280.089281	-0.773300	579874.25
1100	6947881.155742	0.451792	4285.857222	-0.774238	576881.16
1101	6944881.154029	0.452233	4291.635670	-0.775173	573881.15
1102	6941874.241122	0.452675	4297.424635	-0.776106	570874.24
1103	6938860.411621	0.453117	4303.224126	-0.777036	567860.41
1104	6935839.660103	0.453559	4309.034151	-0.777965	564839.66
1105	6932811.981131	0.454002	4314.854721	-0.778891	561811.98
1106	6929777.369245	0.454445	4320.685844	-0.779815	558777.37
1107	6926735.818969	0.454889	4326.527530	-0.780736	555735.82
1108	6923687.324806	0.455333	4332.379789	-0.781655	552687.32
1109	6920631.881241	0.455777	4338.242629	-0.782572	549631.88
1110	6917569.482741	0.456222	4344.116062	-0.783487	546569.48
1111	6914500.123751	0.456667	4350.000097	-0.784399	543500.12
1112	6911423.798699	0.457112	4355.894743	-0.785310	540423.80
1113	6908340.501994	0.457558	4361.800012	-0.786218	537340.50
1114	6905250.228024	0.458004	4367.715914	-0.787123	534250.23
1115	6902152.971158	0.458451	4373.642459	-0.788027	531152.97
1116	6899048.725747	0.458898	4379.579658	-0.788928	528048.73
1117	6895937.486120	0.459346	4385.527522	-0.789827	524937.49
1118	6892819.246589	0.459793	4391.486061	-0.790723	521819.25
1119	6889694.001444	0.460242	4397.455286	-0.791618	518694.00
1120	6886561.744957	0.460691	4403.435209	-0.792510	515561.74
1121	6883422.471379	0.461140	4409.425842	-0.793400	512422.47
1122	6880276.174942	0.461589	4415.427194	-0.794288	509276.17
1123	6877122.849857	0.462039	4421.439279	-0.795173	506122.85
1124	6873962.490317	0.462489	4427.462107	-0.796057	502962.49
1125	6870795.090491	0.462940	4433.495691	-0.796938	499795.09
1126	6867620.644533	0.463391	4439.540043	-0.797817	496620.64
1127	6864439.146572	0.463843	4445.595174	-0.798694	493439.15
1128	6861250.590720	0.464295	4451.661096	-0.799568	490250.59
1129	6858054.971066	0.464747	4457.737823	-0.800441	487054.97
1130	6854852.281682	0.465200	4463.825367	-0.801311	483852.28
1131	6851642.516617	0.465654	4469.923740	-0.802179	480642.52
1132	6848425.669898	0.466107	4476.032955	-0.803045	477425.67
1133	6845201.735535	0.466561	4482.153026	-0.803908	474201.74
1134	6841970.707514	0.467016	4488.283964	-0.804770	470970.71
1135	6838732.579803	0.467471	4494.425784	-0.805629	467732.58
1136	6835487.346347	0.467926	4500.578498	-0.806487	464487.35
1137	6832235.001071	0.468382	4506.742121	-0.807342	461235.00
1138	6828975.537879	0.468839	4512.916665	-0.808194	457975.54
1139	6825708.950652	0.469295	4519.102145	-0.809045	454708.95
1140	6822435.233254	0.469753	4525.298574	-0.809894	451435.23
1141	6819154.379523	0.470210	4531.505967	-0.810740	448154.38
1142	6815866.383278	0.470668	4537.724337	-0.811585	444866.38
1143	6812571.238317	0.471127	4543.953699	-0.812427	441571.24
1144	6809268.938417	0.471586	4550.194068	-0.813267	438268.94
1145	6805959.477330	0.472045	4556.445458	-0.814105	434959.48
1146	6802642.848790	0.472505	4562.707883	-0.814941	431642.85
1147	6799319.046508	0.472965	4568.981359	-0.815775	428319.05
1148	6795988.064173	0.473426	4575.265901	-0.816606	424988.06
1149	6792649.895452	0.473887	4581.561524	-0.817436	421649.90
1150	6789304.533990	0.474349	4587.868243	-0.818263	418304.53
1151	6785951.973411	0.474811	4594.186074	-0.819089	414951.97
1152	6782592.207315	0.475273	4600.515033	-0.819912	411592.21
1153	6779225.229283	0.475736	4606.855134	-0.820733	408225.23
1154	6775851.032869	0.476200	4613.206394	-0.821552	404851.03
1155	6772469.611610	0.476664	4619.568830	-0.822369	401469.61
1156	6769080.959015	0.477128	4625.942457	-0.823184	398080.96
1157	6765685.068575	0.477593	4632.327291	-0.823997	394685.07
1158	6762281.933756	0.478058	4638.723350	-0.824808	391281.93
1159	6758871.548002	0.478524	4645.130649	-0.825617	387871.55
1160	6755453.904735	0.478990	4651.549206	-0.826423	384453.90
1161	6752028.997351	0.479457	4657.979038	-0.827228	381029.00
1162	6748596.819228	0.479924	4664.420162	-0.828031	377596.82
1163	6745157.363717	0.480392	4670.872594	-0.828831	374157.36
1164	6741710.624147	0.480860	4677.336353	-0.829630	370710.62
1165	6738256.593824	0.481329	4683.811456	-0.830426	367256.59
1166	6734795.266030	0.481798	4690.297921	-0.831221	363795.27
1167	6731326.634026	0.482268	4696.795765	-0.832013	360326.63
1168	6727850.691046	0.482738	4703.305007	-0.832803	356850.69
1169	6724367.430304	0.483208	4709.825665	-0.833592	353367.43
1170	6720876.844986	0.483679	4716.357757	-0.834378	349876.84
1171	6717378.928259	0.484151	4722.901302	-0.835162	346378.93
1172	6713873.673263	0.484623	4729.456318	-0.835945	342873.67
1173	6710361.073115	0.485096	4736.022824	-0.836725	339361.07
1174	6706841.120908	0.485569	4742.600839	-0.837503	335841.12
1175	6703313.809711	0.486042	4749.190382	-0.838280	332313.81
1176	6699779.132569	0.486516	4755.791473	-0.839054	328779.13
1177	6696237.082502	0.486991	4762.404131	-0.839826	325237.08
1178	6692687.652506	0.487466	4769.028375	-0.840597	321687.65
1179	6689130.835552	0.487941	4775.664226	-0.841365	318130.84
1180	6685566.624589	0.488417	4782.311703	-0.842131	314566.62
1181	6681995.012537	0.488894	4788.970827	-0.842896	310995.01
1182	6678415.992294	0.489371	4795.641617	-0.843658	307415.99
1183	6674829.556734	0.489849	4802.324094	-0.844419	303829.56
1184	6671235.698704	0.490327	4809.018279	-0.845177	300235.70
1185	6667634.411026	0.490805	4815.724192	-0.845934	296634.41
1186	6664025.686498	0.491285	4822.441854	-0.846688	293025.69
1187	6660409.517892	0.491764	4829.171287	-0.847441	289409.52
1188	6656785.897956	0.492244	4835.912511	-0.848191	285785.90
1189	6653154.819410	0.492725	4842.665549	-0.848940	282154.82
1190	6649516.274951	0.493206	4849.430421	-0.849687	278516.27
1191	6645870.257248	0.493688	4856.207149	-0.850432	274870.26
1192	6642216.758948	0.494170	4862.995756	-0.851175	271216.76
1193	6638555.772667	0.494653	4869.796263	-0.851916	267555.77
1194	6634887.290999	0.495137	4876.608693	-0.852655	263887.29
1195	6631211.306512	0.495620	4883.433067	-0.853392	260211.31
1196	6627527.811744	0.496105	4890.269410	-0.854127	256527.81
1197	6623836.799211	0.496590	4897.117743	-0.854860	252836.80
1198	6620138.261400	0.497075	4903.978089	-0.855592	249138.26
1199	6616432.190773	0.497561	4910.850472	-0.856321	245432.19
1200	6612718.579766	0.498048	4917.734914	-0.857049	241718.58
1201	6608997.420785	0.498535	4924.631440	-0.857774	237997.42
1202	6605268.706213	0.499023	4931.540073	-0.858498	234268.71
1203	6601532.428404	0.499511	4938.460836	-0.859220	230532.43
1204	6597788.579686	0.500000	4945.393754	-0.859940	226788.58
1205	6594037.152358	0.500489	4952.338852	-0.860658	223037.15
1206	6590278.138696	0.500979	4959.296152	-0.861374	219278.14
1207	6586511.530944	0.501470	4966.265680	-0.862089	215511.53
1208	6582737.321320	0.501961	4973.247461	-0.862801	211737.32
1209	6578955.502017	0.502452	4980.241520	-0.863512	207955.50
1210	6575166.065196	0.502944	4987.247880	-0.864221	204166.07
1211	6571369.002994	0.503437	4994.266569	-0.864927	200369.00
1212	6567564.307519	0.503930	5001.297611	-0.865632	196564.31
1213	6563751.970849	0.504424	5008.341032	-0.866336	192751.97
1214	6559931.985037	0.504919	5015.396858	-0.867037	188931.99
1215	6556104.342106	0.505414	5022.465114	-0.867736	185104.34
1216	6552269.034050	0.505909	5029.545827	-0.868434	181269.03
1217	6548426.052837	0.506405	5036.639024	-0.869130	177426.05
1218	6544575.390404	0.506902	5043.744731	-0.869823	173575.39
1219	6540717.038661	0.507400	5050.862974	-0.870515	169717.04
1220	6536850.989487	0.507897	5057.993781	-0.871206	165850.99
1221	6532977.234735	0.508396	5065.137178	-0.871894	161977.23
1222	6529095.766228	0.508895	5072.293194	-0.872581	158095.77
1223	6525206.575757	0.509395	5079.461856	-0.873265	154206.58
1224	6521309.655088	0.509895	5086.643190	-0.873948	150309.66
1225	6517404.995955	0.510396	5093.837226	-0.874629	146405.00
1226	6513492.590063	0.510898	5101.043992	-0.875309	142492.59
1227	6509572.429087	0.511400	5108.263515	-0.875986	138572.43
1228	6505644.504674	0.511902	5115.495825	-0.876662	134644.50
1229	6501708.808439	0.512406	5122.740949	-0.877336	130708.81
1230	6497765.331967	0.512910	5129.998917	-0.878008	126765.33
1231	6493814.066815	0.513414	5137.269759	-0.878678	122814.07
1232	6489855.004507	0.513919	5144.553502	-0.879346	118855.00
1233	6485888.136539	0.514425	5151.850178	-0.880013	114888.14
1234	6481913.454375	0.514932	5159.159815	-0.880678	110913.45
1235	6477930.949448	0.515439	5166.482443	-0.881341	106930.95
1236	6473940.613161	0.515946	5173.818093	-0.882002	102940.61
1237	6469942.436888	0.516455	5181.166795	-0.882662	98942.44
1238	6465936.411967	0.516963	5188.528579	-0.883319	94936.41
1239	6461922.529710	0.517473	5195.903477	-0.883975	90922.53
1240	6457900.781394	0.517983	5203.291519	-0.884630	86900.78
